mut	fitness	fitness_std	ddg	mut_number
M46I_I54M_L76V_V82T	-2.47293881557	0.365181724305	8.25891	4
I54L_L76V_V82F	-2.26065120283	0.140748562199	9.3102	3
M46I_I50V_I54M_V82T	-2.49107032226	0.358178465975	3.80924	4
V32I_M46I_I50V_L76V_V82T_L90M	-3.10198296575	0.64436749817	10.6245	6
I47V_I50V_I54M_V82F_I84V_L90M	-2.90139167323	0.199801609847	3.79552	6
M46I_I47V_L76V_V82T	-2.6233779555	0.207250728649	10.8956	4
I47V_I54M_L76V_I84V	-2.58493962193	0.290507822629	8.30324	4
V32I_I47V_V82F_L90M	-3.04089086256	0.101034080897	1.3204	4
M46I_I47V_I50V_L76V_V82T_I84V	-3.21180027372	0.557344223339	14.3461	6
I47V_I54M_L76V_V82F_I84V_L90M	-3.09783886016	0.63811454957	8.65801	6
M46I_I54M_L76V_V82F	-2.38129411274	0.289865991958	7.83998	4
M46I_I50V_V82T_I84V	-3.01987707827	0.693310300298	6.12149	4
V32I_M46I_I47V_V82T_I84V_L90M	-2.9607513762	0.734894504517	2.36061	6
I50V_I54L_L76V_V82T_I84V	-2.86072422132	0.807000079383	13.6558	5
I54L_L76V_I84V	-2.61008568	0.29279064996	9.78637	3
V32I_I47V_I50V_I54M_V82T_L90M	-3.02780007899	0.692484628527	1.45252	6
I50V_I54M_L90M	-2.6880342693	0.159353057156	1.73029	3
M46I_I54M_L76V_V82T_I84V_L90M	-2.62949393968	0.347859344738	9.74326	6
V32I_M46I_I47V_I54L_V82T	-2.57085167811	0.294819490944	4.06638	5
M46I_I47V_I50V_L76V_I84V_L90M	-4.0	4.4408920985e-16	13.5473	6
I47V_V82T_I84V_L90M	-3.24228958341	0.662686854974	3.94035	4
M46I_I54L_L76V_I84V	-2.21891486064	0.0686724516317	10.0306	4
V32I_I47V_I54L_V82T_I84V	-2.62009706695	0.186718867576	5.81188	5
M46I_I47V_I50V_I54L_L76V_I84V_L90M	-3.53056612243	0.663879756303	13.0036	7
V32I_I47V_L76V_V82F_L90M	-2.73577646106	0.166652711208	6.49492	5
V32I_M46I_I47V_I50V_L76V_V82F_I84V	-3.06251367594	0.733213296705	12.3962	7
I47V_V82T	-1.68442638843	0.492497649814	2.94999	2
I47V_I50V_I54M_L76V_I84V	-2.74221091873	0.894749329295	10.5692	5
V32I_I50V_I54L_V82T_I84V_L90M	-3.517872074	0.681831851754	5.20483	6
V32I_L76V_V82T_I84V	-2.60901884698	0.470157128178	8.50699	4
V32I_I54L_L76V_V82T_I84V	-3.11290804755	0.688437918968	9.15538	5
I47V_V82F	-2.40621383215	0.133875731295	3.11846	2
M46I_I47V_I50V_I54L_V82F_L90M	-3.28443380397	0.586002585525	7.80672	6
M46I_I47V_I54M_V82F_L90M	-3.31666532185	0.492684585383	1.95808	5
I47V_I50V_V82T	-2.45806772872	0.253606346657	5.44204	3
V32I_I47V_L76V_L90M	-3.13805718056	0.272442249852	6.62288	4
I47V_I50V_I54M_I84V	-2.43317488476	0.337664323201	3.77771	4
V32I_L76V_V82F	-2.63504230166	0.301397013954	6.97649	3
I47V_I54L_T74P_L76V	-2.38009793068	0.247829484273	10.9106	4
M46I_I54M_L76V_V82F_I84V_L90M	-3.3886679246	0.432951992773	8.06049	6
I47V_I50V_V82F	-2.54566431072	0.0670782253207	6.25817	3
M46I_I50V_I54L_L76V	-2.22090189637	0.188630790191	14.5974	4
M46I_I54M_T74P	-2.12497274751	0.124075870597	1.56857	3
V32I_L76V_V82T	-2.5943086453	0.31018353178	7.90822	3
V32I_I47V_I50V_I54L_V82F_L90M	-4.0	4.4408920985e-16	4.37489	6
T74P_L76V_V82F_I84V	-2.78390212927	0.896438045889	9.17951	4
V32I_M46I_I50V_I54M_V82F_I84V	-2.77270625464	0.445557484605	3.17666	6
V32I_M46I_I50V_L76V_V82F_I84V_L90M	-3.0323254706	0.685376193314	9.40639	7
I54L_V82F	-2.19023259508	0.110297764306	0.872965	2
I54M_L76V_V82T_I84V	-2.48498746404	0.0422242409985	9.44011	4
I54M_L76V_V82F	-2.44389766906	0.145134738975	7.31847	3
I50V_I54L_V82T_I84V_L90M	-3.23688485498	0.578169595656	6.57687	5
M46I_L76V_V82T_I84V	-2.6653537069	0.397406618375	9.63806	4
I47V_I54M_L76V	-2.45657703324	0.109278315946	6.82741	3
V32I_M46I_I50V_I54L_V82F_I84V_L90M	-3.0196971344	0.721415266442	4.62876	7
V32I_M46I_L76V_V82T_I84V_L90M	-2.50308549677	0.141312566143	8.08941	6
V32I_M46I_I47V_I50V_I54M_L76V_I84V	-2.41766719911	0.0570544055316	10.1392	7
I54L_V82T	-1.67529398877	0.221671892676	2.381	2
I47V_I54L_T74P	-2.64033040684	0.96145929518	4.33316	3
I50V_V82F_L90M	-2.91618680973	0.137642059161	3.24005	3
M46I_I47V_L76V_V82F_I84V	-2.62058962149	0.258780586786	10.5257	5
I54M_L76V_V82T	-2.36986278484	0.233908296973	8.29592	3
M46I_I54M_L76V_V82T_L90M	-3.22787422538	0.583621691909	6.72623	5
M46I_I47V_I50V_I54L_I84V_L90M	-3.15678162044	0.61439703972	8.22612	6
I47V_I50V_L76V_V82F_I84V	-2.68089743527	0.170034652556	12.1325	5
I50V_V82T	-2.57747878514	0.1965794369	3.94909	2
V32I_M46I_I54L_V82F	-2.45177301403	0.0436966607289	1.63007	4
V32I_I47V_I50V_I54L_L76V_V82F_L90M	-3.22955901241	0.551772975234	12.4122	7
V32I_I54M_V82T_I84V	-2.58811066393	0.296366847104	0.787708	4
M46I_I54L_I84V	-1.77481390096	0.451900818244	3.06441	3
V32I_L76V_V82F_L90M	-2.98092366495	0.720984315617	5.91011	4
V32I_I47V_I50V_L76V_L90M	-3.06185563146	0.69817490064	10.0157	5
M46I_I47V_I50V_I54L_V82T_L90M	-3.13386608592	0.620119451341	7.72583	6
M46I_V82T_I84V_L90M	-3.17026895463	0.604329299141	3.01426	4
M46I_I47V_I54L	-1.27202607578	0.120371293674	4.20977	3
I47V_I50V_L76V_V82T	-2.90794637763	0.784560499669	12.026	4
I50V_L76V_V82T_L90M	-3.68287207864	0.4484866074	9.86263	4
V32I_M46I_I54M_L76V_V82T	-3.12329100165	0.63673211479	8.61584	5
V32I_M46I_I47V_L76V_I84V	-2.70515673611	0.274723857476	9.7178	5
V32I_M46I_I54L_V82T	-2.40581548657	0.256479003116	1.69103	4
I50V_I54L_L76V_V82F_L90M	-2.92830048492	0.0250059003063	10.4482	5
I47V_I50V_I54M_V82T_I84V	-2.47436333149	0.363723544247	4.86948	5
L10F_I47V	-0.826837085699	0.120483512897	-0.0127644	2
I47V_I50V_L76V_V82F	-2.7960432853	0.129708898216	10.9555	4
V32I_I54L_L76V_V82T_L90M	-3.39659846549	0.853338633664	8.97475	5
V32I_I50V_L76V	-2.68598661776	0.0564212108484	8.039	3
V32I_I54L_L76V_V82T_I84V_L90M	-4.0	4.4408920985e-16	9.03728	6
V32I_M46I_I50V_I54L_L76V_V82T_L90M	-3.54793095078	0.639322180537	11.051	7
V32I_I47V_I50V_L76V_V82F_I84V_L90M	-4.0	4.4408920985e-16	9.68364	7
M46I_I47V_I54M_L76V_V82T_I84V	-2.69619111817	0.224718654628	10.8044	6
I47V_I54L_V82T_I84V_L90M	-3.17616838636	0.5989905554	6.41165	5
V32I_I47V_I50V_I54M_V82T_I84V	-2.89745110874	0.236429518062	2.72136	6
M46I_I50V_L76V_V82T_L90M	-3.58729738814	0.583649630921	11.113	5
V32I_M46I_I50V	-1.97055054319	0.184032957151	2.24772	3
V32I_M46I_I54L_L76V_V82T	-2.36576064289	0.136281370366	9.45509	5
L76V_V82F_I84V_L90M	-2.01194354705	0.246677778529	8.25873	4
V32I_M46I_I47V_T74P	-2.34745212128	0.246306460315	1.59636	4
I54L_V82T_L90M	-2.72868722014	0.363294793799	1.97979	3
V32I_I50V_I54M_I84V_L90M	-4.0	4.4408920985e-16	1.97016	5
V32I_I47V_I50V_L76V_V82T	-2.48500387742	0.21913936072	10.064	5
M46I_I50V_L76V_I84V	-2.60536971722	0.237084338168	11.4653	4
V32I_I47V_I54L_L76V_L90M	-2.70162255766	0.0695465304426	8.24928	5
V32I_I54M_L76V_V82T_I84V_L90M	-3.50678081958	0.697517254171	8.29388	6
I47V_I54L_L90M	-2.14868032063	0.0318096372361	2.82764	3
V32I_I50V_I54M_V82F	-2.66464670603	0.263478402195	2.74912	4
I47V_I50V_I54L_T74P_V82F	-2.36484543383	0.14972580194	8.15747	5
I50V_I54M_I84V_L90M	-2.98463795753	0.728065399099	3.78513	4
V32I_I54M_L76V_V82T_L90M	-3.39504548435	0.430298333074	7.6469	5
V32I_I50V_I54M_V82T_L90M	-3.16712017148	0.596022418145	3.57247	5
V32I_I47V_I50V_L76V	-2.45391117775	0.158094461805	10.4479	4
V32I_M46I_L90M	-2.12850980875	0.187648032791	-0.810734	3
V32I_M46I_I54M_L76V_I84V_L90M	-3.1085206027	0.630581130034	9.15857	6
M46I_I47V_I54M_V82F_I84V	-2.52435042136	0.227392627291	1.81065	5
V32I_I50V_I54M_V82T	-2.85059930776	0.816802009436	1.64484	4
I47V_I50V_L76V_V82F_I84V_L90M	-3.53116257801	0.663036240728	12.7362	6
M46I_I50V_I54L_L76V_L90M	-3.3435791589	0.928319256105	10.8473	5
I47V_I50V_I54M_L76V_V82T_L90M	-3.40289358021	0.84443599705	9.67007	6
I47V_I50V_I54L_V82F_I84V_L90M	-2.93031488863	0.156374194028	6.36297	6
M46I_I47V_I54M_V82T_L90M	-2.88836651674	0.18865123532	1.53441	5
I54M_V82F_I84V_L90M	-2.62783418399	0.442935010925	1.12001	4
V32I_M46I_I50V_I54M_V82T_L90M	-3.1434323862	0.606886052183	2.21747	6
M46I_I50V_I54L_L90M	-3.4981256319	0.709757537972	6.78133	4
V32I_M46I_I50V_V82F_I84V	-2.83607832668	0.175479329616	2.19959	5
V32I_M46I_I50V_I54M_L76V_V82F_I84V_L90M	-3.052135915	0.67199064297	9.89556	8
I54L_T74P_L76V_V82F	-2.79681486151	0.850782304438	10.2981	4
V32I_I54M_L76V_L90M	-3.69178349639	0.435883959559	5.73992	4
V32I_M46I_I47V_I54L_V82F	-2.55315402711	0.308885651356	3.07819	5
V32I_M46I_I47V_I50V_I54L_L76V_V82F	-3.0692324801	0.726166122858	13.6894	7
M46I_I50V_I54M_V82T_L90M	-3.61253762612	0.547954544053	2.95026	5
V32I_M46I_I47V_L76V_V82T_L90M	-2.73257260798	0.194177102446	9.30173	6
V32I_M46I_L76V_V82F_L90M	-2.80950696686	0.847619078483	8.66681	5
V32I_I47V_I54M_V82T_I84V	-2.40251865389	0.356121450687	0.872941	5
V32I_M46I_I54M_L76V_V82F_L90M	-3.4282569699	0.808566747362	6.42181	6
I47V_I54L_L76V_L90M	-2.76301573912	0.0919750926647	9.73049	4
M46I_I47V_I50V_I54L	-2.09035364493	0.267567981499	6.41177	4
M46I_I47V_I50V_I54M	-2.01525404968	0.157550800539	2.84585	4
V32I_M46I_I47V_I54M_L76V_V82T_L90M	-3.18925249617	0.580760582128	8.96682	7
V32I_I47V_I54L_L76V_V82F_I84V_L90M	-2.94921055433	0.0473642058815	7.95395	7
V32I_I54M_V82F_L90M	-3.66124697134	0.47906912742	0.271804	4
V32I_I54M_V82F_I84V_L90M	-3.18838879891	0.676991624403	-0.721813	5
M46I_I47V_I50V_I54L_L76V_V82F_I84V_L90M	-3.00204701254	0.705680152463	14.634	8
M46I_I50V_L76V_V82F_L90M	-2.98875706733	0.728156693786	10.3436	5
V32I_I54M_I84V	-2.7708203497	0.480762856302	0.225642	3
V32I_M46I_I54L_L76V_V82F_L90M	-3.62367887795	0.532198434615	8.53718	6
V32I_M46I_I47V_I50V_L76V_V82F_L90M	-3.53381940152	0.659278924883	11.4095	7
M46I_V82F_L90M	-2.38708907882	0.247519179202	2.20409	3
V32I_I50V_V82F_I84V_L90M	-2.74957784176	0.0927051983873	2.8539	5
V32I_M46I_I47V_V82T	-2.35916969659	0.07928825169	1.33249	4
I54M_V82F	-1.81693804056	0.482908013257	1.07684	2
M46I_I47V_I50V_I54L_V82T_I84V_L90M	-3.21175932765	0.568153795537	9.26559	7
I50V_L76V_V82T_I84V_L90M	-3.51856690467	0.680849212793	11.7105	5
M46I_I47V_T74P	-2.74999850549	0.367717214154	4.16291	3
V32I_I47V_I54L_L76V_I84V_L90M	-3.03182957886	0.743352164	8.82303	6
I47V_I54L_V82F_L90M	-2.74666935444	0.171131395515	4.57845	4
I47V_I50V_I54M	-2.02461323072	0.18420046829	2.3209	3
V32I_M46I_T74P_L76V	-2.76035295774	0.0183728590271	6.90861	4
I47V_I54L_V82F_I84V_L90M	-2.95830427328	0.311816787805	5.02064	5
V32I_I50V_V82F_L90M	-3.22203344835	0.551383632075	1.80835	4
V32I_M46I_I47V_V82F	-2.53854128683	0.23689371989	1.41516	4
V32I_M46I_I47V_I54L_I84V	-2.35677122741	0.0946284337169	3.50234	5
M46I_I54M_L76V_I84V	-2.74158569893	0.183185682469	8.51901	4
I54M_L76V_L90M	-3.06244523277	0.684332664152	7.08736	3
V32I_I54L_L76V_L90M	-3.1606800521	0.595825047391	5.40702	4
V32I_M46I_I47V_I54L_L76V_V82T_I84V_L90M	-3.5238316604	0.67340372384	10.2256	8
V32I_I47V_I54M_V82F_L90M	-2.95776825128	0.746645131009	0.123061	5
V82F_L90M	-1.76180323748	0.154005116047	1.57039	2
L76V_I84V	-2.06569346753	0.226803471789	8.19289	2
V32I	-1.69735375465	0.211290532227	-1.29303	1
V32I_I50V_I54L_V82F	-2.60711781913	0.240748172406	4.25072	4
I47V_I50V_I54L_I84V_L90M	-2.85569573565	0.809334484472	7.13213	5
V32I_M46I_L76V_V82F	-2.51013953974	0.320630917351	7.78229	4
M46I_I47V_I50V_I54L_L76V	-2.48357499228	0.422130827319	13.2512	5
V32I_M46I_I47V_I50V_I54L_L76V_V82F_I84V	-2.79558149941	0.266431629845	13.1251	8
M46I_I50V_I54M	-2.1123164442	0.212745785988	2.66814	3
V32I_M46I_I47V_I50V_I54L_L76V_V82T_I84V_L90M	-4.0	4.4408920985e-16	13.6673	9
M46I_I54L_V82F_I84V	-2.47043561498	0.241887025745	3.21625	4
V32I_I47V_I50V_I54L_V82T_I84V_L90M	-3.65647832995	0.485813004749	6.55494	7
V32I_M46I_L76V_V82T	-2.96719872443	0.232699840704	7.52868	4
V32I_I50V_I54L_V82T	-2.77662337106	0.205754780618	4.05469	4
V32I_M46I_I47V_I54M_L90M	-2.5855657491	0.457427075427	-0.749015	5
V32I_L90M	-2.07407361669	0.122457119461	-1.4574	2
V32I_I50V_L76V_V82F_L90M	-3.45440634625	0.771585944672	8.98251	5
M46I_I47V_I54L_T74P_V82F_I84V	-2.85941675288	0.807170195107	7.25774	6
V32I_M46I_I50V_I54L_L76V_V82F_L90M	-3.45440634625	0.771585944672	12.5493	7
V32I_I47V_I50V_L76V_V82T_L90M	-4.0	4.4408920985e-16	11.0564	6
V32I_I54L_L76V_V82F_L90M	-2.73048210483	0.12173222111	8.44712	5
M46I_I47V_I50V_I54L_L76V_V82F	-2.33391175578	0.0605921211915	12.4869	6
V32I_I54L	-1.9447888993	0.149801743476	-0.319962	2
V32I_I54L_V82F_L90M	-3.33821293342	0.537799378673	1.18202	4
V32I_M46I_I54L_L90M	-2.61031639999	0.149297265609	0.545139	4
V32I_I47V_I50V_I54M_L76V_I84V_L90M	-3.42576813669	0.812086489046	10.7798	7
I47V_I50V_L76V_I84V_L90M	-3.36009356742	0.456653597132	12.2093	5
M46I_I47V_I50V_I54L_L76V_V82T	-2.39428048781	0.347343049235	15.1435	6
V32I_M46I_I50V_V82T_L90M	-4.0	4.4408920985e-16	3.45808	5
M46I_I50V_I54L_V82T_I84V	-2.40298815446	0.0833879086516	9.6592	5
V32I_I47V_I54M_V82T_L90M	-2.74173403774	0.232383277817	-0.525258	5
V32I_M46I_I54L_L76V_I84V_L90M	-4.0	4.4408920985e-16	11.3084	6
V82F_I84V	-1.77572632337	0.267795856636	1.56025	2
V32I_I47V_I54L_L76V	-2.42435935389	0.13964682771	9.15777	4
V32I_M46I_I50V_I54M_V82T_I84V_L90M	-2.84101707062	0.825376024651	3.20892	7
I47V_I54M_V82T	-2.35520234965	0.167629471053	1.54267	3
V32I_M46I_I50V_I54M_V82T_I84V	-2.42416400336	0.231914293315	5.33712	6
V32I_L76V_I84V_L90M	-3.29159130525	0.505455694855	6.86481	4
V32I_I50V_I54M_V82T_I84V_L90M	-3.57055789478	0.607322849449	3.02006	6
V32I_I50V_I54M_L76V_V82T_I84V	-2.83299631698	0.828702676104	11.036	6
I47V_I54L	-1.24096140319	0.27291939182	3.24055	2
I47V_I54M	-1.39541577139	0.307803674012	0.0893762	2
M46I_I54L_T74P_V82F	-3.11848884556	0.626459980215	4.66776	4
M46I_I50V_L76V_I84V_L90M	-4.0	4.4408920985e-16	11.6226	5
I50V_L76V	-2.46812992075	0.214361385438	9.35151	2
V32I_M46I_I47V_V82F_L90M	-3.14269189954	0.606209393986	0.0458541	5
V32I_I47V_I50V_I54M_L76V_V82F_L90M	-4.0	4.4408920985e-16	8.88119	7
I47V_I54M_V82F	-2.43399588886	0.291614558517	1.7843	3
V32I_I50V_L76V_I84V_L90M	-3.16044674854	0.600490972221	9.823	5
M46I_I47V_I50V_I84V_L90M	-3.1908570181	0.584896259357	5.7414	5
V32I_I50V_I54L_V82T_I84V	-2.86630596941	0.333495074924	5.45687	5
I50V_I54L_L90M	-2.94273259124	0.759142990368	3.85548	3
V82T	-1.03201111151	0.468243023016	1.31788	1
V82F	-2.33314478771	0.0585852975675	0.396972	1
M46I_I54M_V82F	-2.13090256235	0.0836614852561	1.56267	3
L10F_T74P_V82F	-3.33873594581	0.417284037917	1.7916	3
I47V_I50V_I54M_L76V_V82F_I84V	-2.63004775859	0.202283927963	9.86174	6
V32I_M46I_I47V_I50V_I84V_L90M	-4.0	4.4408920985e-16	4.33545	6
L10F_V32I_T74P_V82F	-3.33895921994	0.609208206833	0.987018	4
M46I_I50V_L76V_L90M	-3.16044674854	0.593653797873	9.65818	4
V32I_I50V_I54L_I84V_L90M	-3.23859604308	0.552339225811	4.1119	5
M46I_I54M_V82T	-1.4875447457	0.434476343725	1.97439	3
I50V_I54L_L76V_V82T_I84V_L90M	-3.58252874675	0.590393508249	13.1544	6
V32I_I47V_I54L_L76V_V82T_I84V	-2.65513027628	0.436840863004	10.7421	6
I50V_I84V_L90M	-3.05243196218	0.731941582876	3.9276	3
I50V_I54M_L76V_I84V_L90M	-3.53394602566	0.659099851305	9.42032	5
M46I_I47V_I50V_V82F_I84V	-2.6004722469	0.37412097376	6.55329	5
I84V	-0.867699991276	0.170869827736	1.48127	1
I47V_I50V_I54M_V82T_L90M	-3.11538793746	0.639778251534	3.08008	5
V32I_I47V_I50V_I54M_V82F_I84V	-2.85364762312	0.812896101857	2.20709	6
M46I_I47V_I54L_L76V_V82F_L90M	-3.41737763031	0.420138119118	11.2619	6
M46I_I47V_I50V_V82T_I84V	-2.45401059158	0.264566681543	6.88869	5
M46I_I47V_I50V_V82T_L90M	-3.43499143193	0.799042779825	6.01329	5
I54L_V82F_I84V_L90M	-3.02808844138	0.386704554464	2.91985	4
I47V_I50V_L90M	-2.55905803749	0.0835900454857	3.8919	3
V32I_M46I_I47V_I54L_L76V_V82T_I84V	-3.14646182343	0.612871775994	11.2078	7
I54M_I84V	-2.00438301281	0.145459892557	1.80329	2
M46I_I50V_I54M_I84V	-2.44836234654	0.147674144924	3.92451	4
M46I_I47V_I50V_I54M_V82T_L90M	-2.53056546855	0.0877444844233	4.22544	6
V32I_I54M_L76V	-2.73497231431	0.114157359597	6.28607	3
I47V_I50V_L76V_V82T_I84V_L90M	-3.59403185017	0.574125663385	13.8983	6
M46I_I47V_T74P_I84V	-3.09880119312	0.637793942164	5.13523	4
M46I_I47V_I50V_V82F	-2.50130122063	0.161950690044	5.47051	4
M46I_I54L_V82T_L90M	-2.40781485878	0.146590333352	2.4204	4
V32I_M46I_I50V_I54M_V82F_L90M	-3.57280882354	0.604139555469	1.99291	6
L76V	-2.03041690136	0.202299228083	6.64499	1
V32I_M46I_I47V_L76V_V82F_L90M	-3.72708060039	0.385966316357	8.99876	6
V32I_M46I_I50V_I54M_I84V	-2.97134745352	0.746274389409	4.17763	5
I50V_I54L_V82T_L90M	-3.07897608749	0.653411068623	5.12431	4
I47V_I50V_I54M_L76V_V82T_I84V_L90M	-3.53858804291	0.652535047554	12.098	7
V32I_I47V_I50V_I54L_L76V_V82F_I84V_L90M	-3.23108997664	0.550538268574	11.5647	8
V82T_I84V	-1.58821588296	0.193766252628	2.54845	2
V32I_M46I_I50V_V82T	-2.51334774736	0.27047649662	3.47191	4
M46I_I47V_I50V_I54M_V82T_I84V_L90M	-2.92687183791	0.767102887136	5.55799	7
M46I_I54M_V82F_L90M	-2.61163299699	0.220497526086	-1.39252	4
V32I_V82T_I84V_L90M	-3.28421053541	0.51235902407	1.04735	4
V32I_I47V_I50V_I54M_L76V_V82T_L90M	-3.19368105294	0.611782038591	10.718	7
I50V_L90M	-2.70411395987	0.0778485836026	2.50235	2
V32I_M46I_I47V_T74P_V82F	-3.60706600873	0.555692579564	3.17527	5
I47V_I54L_L76V_V82T_I84V_L90M	-2.84773192819	0.202949641229	11.9932	6
I54L_L76V_L90M	-2.99902271085	0.708888262331	7.45107	3
M46I_I47V_I50V_I54M_L76V_V82F_I84V	-2.55090276911	0.305069839718	10.6583	7
V32I_I47V_I50V_I54L_L76V	-2.43958249764	0.253616718598	11.2321	5
V32I_M46I_I54M_L76V_V82F_I84V_L90M	-2.57838868649	0.0652641272775	7.9641	7
V32I_M46I_I50V_V82F	-2.74705194487	0.370176810688	3.52157	4
I47V_I50V_L76V	-2.46832275628	0.258328685712	11.181	3
M46I_V82F_I84V_L90M	-3.00744288306	0.763521891998	1.75872	4
V32I_I54L_T74P_L76V	-4.0	4.4408920985e-16	7.57366	4
I47V_I50V_V82F_I84V	-2.43829000185	0.183985189346	6.0586	4
I47V_T74P	-2.48996940615	0.194065731212	3.21319	2
T74P_L76V	-2.07742874485	0.128168990278	7.38447	2
V32I_M46I_I47V_I50V_L76V_V82T	-3.16224509251	0.642207264447	12.2552	6
V32I_I47V_I54L_L76V_V82T_I84V_L90M	-4.0	4.4408920985e-16	10.8227	7
V32I_M46I_I50V_V82T_I84V	-2.95078427852	0.763857275684	4.8754	5
I54M_V82T_I84V_L90M	-2.93551708261	0.753046337634	2.1177	4
V32I_M46I_I47V_I54M_V82T_I84V_L90M	-3.23619467571	0.542492557428	1.62147	7
V32I_M46I_I50V_I54L_V82F_I84V	-2.80045878114	0.31778006175	5.4912	6
I50V_V82F_I84V_L90M	-3.01962404485	0.164059395917	3.26477	4
V32I_M46I_I47V_I50V_L76V_V82F	-2.60772565883	0.316253744686	10.5496	6
V32I_M46I_I47V_I54L_V82F_I84V_L90M	-2.98646627486	0.0720997855217	3.78172	7
V32I_M46I_I47V_I50V_I54M_V82T	-2.72931932888	0.194922676222	2.15377	6
I50V_L76V_V82F	-2.31747301913	0.19656547494	11.5412	3
V32I_M46I_L76V_L90M	-2.93051218448	0.301563551507	6.10102	4
M46I_I47V_I54L_L76V_V82F_I84V_L90M	-3.09139453983	0.645000446079	10.574	7
V32I_I54L_L90M	-2.63079162578	0.316877201368	-0.586909	3
V32I_M46I_I47V_L76V_V82F	-2.79872000624	0.208891162757	9.01659	5
M46I_I47V_I50V_I54L_L76V_V82T_I84V	-2.49037415815	0.268919290256	18.6089	7
I50V_L76V_V82T	-2.65127699255	0.0835798719631	10.7132	3
M46I_I47V_I54M_L76V_L90M	-2.99470105179	0.713081314565	8.20214	5
V32I_M46I_I47V_I50V_I54M_V82F	-2.57898528402	0.248252389143	0.0197376	6
V32I_M46I_I54M_L76V_V82F_I84V	-2.62400298152	0.26634057349	7.44015	6
V32I_M46I_I47V_L76V_L90M	-2.8668863616	0.337840592869	7.56311	5
V32I_I50V_I54L_L76V_V82T_L90M	-3.0260382135	0.700579998609	9.92867	6
I47V_I54M_L76V_V82T_L90M	-3.16558469614	0.62529667527	8.01712	5
V32I_I47V_I50V_I54L_L90M	-2.62884097535	0.217022794788	4.01615	5
V32I_I47V_T74P_L76V	-3.35772814247	0.908309571654	8.00296	4
V32I_M46I_I47V_L76V_V82T	-2.39885364437	0.295463197791	9.31369	5
V32I_M46I_I47V_I50V_I54M_L76V_V82T	-3.50012357001	0.706932026801	10.1653	7
V32I_I47V_I50V_I54M_T74P_V82F_I84V	-3.51219429423	0.689861444904	4.46928	7
V32I_M46I_I54L_L76V_I84V	-2.60050295674	0.203222193136	9.04665	5
V32I_I50V_L90M	-3.15375675429	0.677023202316	1.06961	3
L10F_V32I_I47V_T74P	-3.44142648366	0.789942242391	-0.422306	4
V32I_M46I_I47V_I54L_V82T_I84V	-2.47714011942	0.195008117919	4.82918	6
T74P_V82F_I84V	-1.94742310217	0.11897857891	3.15189	3
I50V_L76V_V82F_I84V	-2.75027614701	0.25036057592	11.6447	4
M46I_I54L_T74P_L76V_I84V	-4.0	4.4408920985e-16	10.9791	5
I50V_I54M_L76V	-2.339112335	0.0674970223549	9.13265	3
M46I_L76V_L90M	-3.26631664734	0.529018657732	8.08007	3
I47V_I54L_L76V_I84V_L90M	-3.20289340482	0.567987878988	11.1018	5
V32I_I47V_I50V_I54M	-2.21557059478	0.215771944012	0.0758955	4
M46I_I54L_L76V_V82T_L90M	-2.99441034391	0.718062197588	9.06714	5
M46I_I47V_I54M_L76V_I84V	-2.5051660681	0.468086717257	8.86768	5
V32I_M46I_I50V_V82F_L90M	-4.0	4.4408920985e-16	2.8937	5
V32I_M46I_I47V_I50V_L76V_I84V_L90M	-4.0	4.4408920985e-16	11.3188	7
M46I_I47V_I50V_I54L_L76V_V82T_I84V_L90M	-2.8884062003	0.792415873159	16.4162	8
V32I_M46I_I47V_I50V_I54L_L76V_L90M	-3.46463845971	0.757115551056	13.4447	7
V32I_M46I_I54L	-1.59812627619	0.028247483557	0.203642	3
V32I_M46I_I54M	-1.9530584889	0.112277023896	-0.444628	3
V32I_M46I_I54M_T74P	-3.51219429423	0.689861444904	0.131751	4
I47V_I50V_I54L_V82F	-2.5629088806	0.314136017086	6.66828	4
V32I_M46I_I50V_I54M_L76V_V82F	-2.85113143588	0.82799289701	10.1202	6
V32I_M46I_I47V_I50V_I54M	-2.18457222859	0.216296755174	1.19845	5
V32I_M46I_I47V_I50V_I54L_L76V_V82T_L90M	-3.01515081601	0.704290740233	14.2783	8
M46I_I47V_I50V_V82T	-2.26642539567	0.274345625196	6.12869	4
V32I_I47V_I54M_L76V_I84V_L90M	-3.55238560463	0.633022348643	6.58961	6
V32I_I47V_I50V_I54L_L76V_I84V_L90M	-3.12740919124	0.626089955718	10.9541	7
V32I_M46I_I50V_I54M_L76V_L90M	-3.00830255409	0.712954909161	9.92603	6
I47V_I50V_I54L_V82T	-2.52098110411	0.194138047553	7.29212	4
V32I_I47V_I84V	-1.36535522886	0.147355032671	1.09502	3
I47V_L76V_V82T_I84V	-2.80753823862	0.477445602218	10.6555	4
V32I_M46I_I50V_I54M_L76V_V82T	-3.52974964989	0.66503442283	9.90351	6
I47V_I50V_I54L_L90M	-2.91979570756	0.131649132811	5.94362	4
V32I_I50V_I54M_V82F_L90M	-4.0	4.4408920985e-16	0.276978	5
V32I_I50V_I54M_L76V_L90M	-3.55238560463	0.633022348643	7.75533	5
V32I_V82T	-2.63606380269	0.0982753394186	0.0622406	2
V32I_V82F_L90M	-3.48838895648	0.389090134778	-0.983233	3
V32I_M46I_I54M_L76V_L90M	-3.66321279198	0.476289037211	6.91062	5
M46I_I47V_I50V_L76V_V82F_L90M	-4.0	4.4408920985e-16	11.101	6
M46I_I47V_I54L_V82T	-2.49789814365	0.397121396438	5.39985	4
V32I_I50V_I54M_L76V_V82F_I84V	-3.09877140305	0.638685111923	9.05834	6
I47V_I54L_V82T_I84V	-2.79599555783	0.145274744525	5.83775	4
V32I_M46I_V82T_I84V	-2.80735096771	0.366803753722	2.05051	4
V32I_I50V_I54L_V82F_L90M	-3.43824471102	0.794441948405	3.20857	5
M46I_I50V_I54L_L76V_V82T_L90M	-3.43824471102	0.794441948405	12.3187	6
M46I_I54L_L76V	-2.07819519333	0.345438118508	7.74105	3
M46I_I47V_I54L_V82F	-2.51195869356	0.255649724717	5.54279	4
M46I_I54L_L76V_L90M	-2.936265004	0.0203734431437	7.52962	4
L10F_I47V_T74P	-3.21147233269	0.651930034718	1.83387	3
V32I_M46I_I47V_I54L_L76V_V82F_L90M	-2.83016591473	0.161797451084	10.8469	7
V32I_M46I_I47V_I54M_L76V_V82F	-2.67701321282	0.303954900638	7.39099	6
I47V_T74P_V82T	-2.35917935176	0.204252052175	4.57852	3
M46I_I47V_I54M_L76V_V82T	-2.54661283416	0.421998848437	9.44405	5
V32I_I47V_I54L_I84V	-2.45619098794	0.213945474181	2.92817	4
I47V_I54M_L76V_V82T	-2.31914115065	0.212361774623	8.26244	4
M46I_I54M_V82T_I84V_L90M	-3.00104396509	0.846144562128	2.51456	5
V32I_M46I_I47V_V82F_I84V_L90M	-3.0514685889	0.71921208011	1.675	6
V32I_M46I_I47V_I54M_L76V_L90M	-3.16485547998	0.592476448929	7.46251	6
M46I_V82F_I84V	-2.43944805059	0.120047945261	2.07443	3
V32I_M46I_I54L_L76V_V82F_I84V_L90M	-3.14842254599	0.704692095051	8.97051	7
V32I_T74P_I84V	-3.50742565284	0.696605322231	1.92319	3
V32I_M46I_I54L_I84V_L90M	-3.57280882354	0.604139555469	1.77186	5
M46I_I47V_I54M_L76V_V82F	-2.56533789642	0.325471319243	9.03645	5
V32I_M46I_I47V_I54M_L76V_V82T	-2.70571304911	0.23618713695	9.50296	6
I47V_T74P_V82F	-2.47943326241	0.29119918925	4.81021	3
M46I_I47V_V82F	-2.38388666285	0.187670736713	4.45812	3
I47V_I50V_I54M_L76V_V82F	-2.77388940931	0.866991752815	9.42352	5
I50V_L76V_V82F_L90M	-2.70762856412	0.587505965975	9.13583	4
V32I_I47V_I54M_L76V_V82F_I84V_L90M	-3.35830404224	0.460008108073	6.97696	7
V32I_I47V_I54M_V82T_I84V_L90M	-3.04130548152	0.698421053384	0.678995	6
I54L_L76V_V82T_L90M	-3.07468159762	0.682219728822	8.61656	4
I47V_I54L_L76V_V82F_I84V_L90M	-3.03522931263	0.354267181893	10.1794	6
V32I_I47V_I54L_V82F_L90M	-2.99475410897	0.302644439798	1.7617	5
V32I_M46I_I47V_I54L	-0.940149913817	0.184341442461	2.52745	4
I47V_I54M_L76V_V82T_I84V	-2.69984466388	0.353064949837	10.3322	5
V32I_M46I_I47V_I50V_L76V_L90M	-3.67337589937	0.461916232915	9.10291	6
I47V_I50V_I54M_L76V_V82T	-2.29255728573	0.128037448421	10.0363	5
V32I_M46I_I47V_I54M	-1.25998809562	0.225206439838	-0.843822	4
I47V_V82T_L90M	-2.76618152284	0.433377229258	2.67618	3
I47V_I50V_I54L_L76V_V82F	-2.85425806549	0.33855396988	13.2878	5
V32I_M46I_I47V_I50V_L76V_V82T_I84V_L90M	-3.4702145629	0.749229750299	11.2905	8
V32I_M46I_I50V_L90M	-4.0	4.4408920985e-16	1.95443	4
I50V_I54L_I84V	-2.74606154695	0.274785958406	5.67062	3
I54M_V82F_L90M	-2.68048309309	0.356344261177	0.701249	3
V32I_M46I_V82T_I84V_L90M	-3.50151606385	0.704962743124	1.78841	5
V32I_M46I_I84V_L90M	-2.77297217561	0.193770491742	0.606094	4
M46I_I47V_I50V_T74P	-2.43011737378	0.017537598669	5.63786	4
M46I_I54L_L76V_V82F_I84V	-2.65082047517	0.175998748354	10.7193	5
V32I_M46I_I47V_I50V_I54L_L76V_V82T	-2.99391940718	0.728444947283	12.2669	7
I47V_I50V_L76V_V82F_L90M	-3.27629336346	0.533161586767	10.856	5
I54L_V82T_I84V	-2.40454849814	0.0924701830278	3.4911	3
V32I_I47V_T74P	-2.54726275183	0.244373215781	0.915226	3
I47V_I54L_T74P_V82F_I84V	-2.42184284588	0.274155288749	6.43461	5
V32I_M46I_I47V_I50V_I54L_L76V	-2.41804248673	0.304971596052	12.6664	6
V32I_M46I_I50V_L76V_V82F	-2.41663903412	0.222184079839	9.98068	5
I47V_L76V_I84V	-2.61102766109	0.278981941106	9.52895	3
V32I_M46I_I47V_T74P_L76V_L90M	-3.54614725694	0.641844704556	8.67191	6
I50V_I54L_V82F_I84V	-2.47023527893	0.190946925627	4.10318	4
M46I_I50V_I84V_L90M	-3.63734450605	0.512872318019	4.62242	4
M46I_I47V_L76V_I84V	-2.48241207785	0.270147124419	10.9597	4
V32I_M46I_I50V_L76V_L90M	-3.01767676585	0.7100412723	8.87003	5
M46I_I54M_L76V_L90M	-3.06196660489	0.670116104162	6.84243	4
I47V_T74P_L76V	-2.46320111673	0.211543526389	9.08089	3
V32I_I47V_I54M_L76V_V82T_I84V_L90M	-3.31806136172	0.485395297164	7.58867	7
V32I_M46I_I50V_I54L_L90M	-3.67090122667	0.4654159486	3.44411	5
M46I_I54L_L90M	-1.36017763837	0.591812500968	1.22586	3
V32I_M46I_I50V_L76V_V82T	-2.8657127077	0.286349058454	11.7662	5
V32I_I47V_I54L_L76V_V82F	-2.65307642772	0.150728152605	10.0915	5
V32I_M46I_I50V_I54L_V82T_I84V	-3.06656558432	0.776385207265	6.55867	6
M46I_I47V_I50V_I54M_L76V_I84V_L90M	-3.08709607618	0.651556403822	11.9707	7
V32I_M46I_I47V_I54L_I84V_L90M	-3.28010613546	0.511844594531	3.81276	6
M46I_I47V_L76V_V82T_I84V_L90M	-2.79547119465	0.161496179309	11.8757	6
M46I_I54M_V82F_I84V_L90M	-2.65563614212	0.267069216756	1.58255	5
V32I_I47V_I54L_L76V_V82T	-3.04681313661	0.536314364849	10.6754	5
V32I_I47V_I54L_L76V_V82F_I84V	-2.6240861357	0.232234593554	9.39771	6
M46I_I54M_V82F_I84V	-2.64097845598	0.410343001296	1.77971	4
V32I_M46I_I47V_I54L_L76V_L90M	-3.23787980616	0.577952250632	10.1821	6
V32I_I47V_V82T_I84V	-2.48607795598	0.220210593792	2.14703	4
M46I_I47V_I50V_L76V_V82F	-2.86025064344	0.83240047734	10.5156	5
M46I_I54M_L76V_V82F_L90M	-2.82062620821	0.269890150974	7.28246	5
I47V_T74P_L76V_V82F	-2.64977876768	0.156820940625	10.4455	4
M46I_I54L_V82T	-1.16735499804	0.208504477296	2.43458	3
M46I_I47V_T74P_L76V	-2.95065358864	0.802232651329	10.4378	4
M46I_I47V_V82T	-2.31927250877	0.149812816939	3.64596	3
M46I_I47V_I54L_L76V	-2.41641517144	0.126667999281	10.661	4
M46I_I54L_T74P_V82F_I84V	-3.03394297153	0.709803156863	4.45401	5
V32I_I47V_V82F_I84V	-2.51764640275	0.0948957562652	0.168918	4
I47V_I54L_V82T_L90M	-3.02577053	0.282097509714	3.89487	4
M46I_I47V_I50V_I54M_I84V_L90M	-3.15588077854	0.611685183271	4.23954	6
V32I_I47V_I50V_L76V_V82F	-2.61241038101	0.113443129681	9.59334	5
V32I_I47V_L76V	-2.50457188383	0.0284063699232	6.07318	3
V32I_I47V_I54L_V82T_L90M	-3.1102624492	0.159132474382	2.08553	5
V32I_I47V_I54M_L76V	-2.39128359555	0.220194795262	6.54764	4
V32I_I54M_L76V_I84V	-2.54578853201	0.347357908279	6.75052	4
M46I_I47V_I54L_I84V_L90M	-2.69501186921	0.40960980131	4.80486	5
M46I_T74P_V82F_I84V	-2.99547849863	0.710327975843	3.48076	4
V32I_I47V_I50V_I54L_T74P	-2.40749351608	0.315711204386	6.77358	5
V32I_I50V_I54M_L76V_I84V	-3.00272726173	0.705626601063	12.7736	5
V32I_I47V_I50V_V82F	-2.71087202483	0.456686826314	3.65599	4
I47V_I84V	-1.18482616619	0.34236038835	3.14182	2
V32I_I47V_I50V_L76V_V82T_I84V_L90M	-4.0	4.4408920985e-16	10.7589	7
T74P_V82F	-2.53175533003	0.127594400999	3.33359	2
I54M_V82T_I84V	-2.20065963158	0.336173110831	2.74895	3
V32I_M46I_I47V_I50V_I54M_L76V_V82T_I84V	-2.9890434469	0.722387429653	13.0978	8
V32I_M46I_I54M_L76V_V82F	-2.60335449906	0.47022778028	6.95465	5
M46I_I47V_I50V_I54L_I84V	-2.56756989577	0.253398924467	7.84104	5
I50V_I54M_V82T	-2.36512299905	0.242437872145	2.55206	3
V32I_I47V_I50V_I54M_V82T	-2.54091719462	0.337472877882	1.76961	5
I47V_I50V_I54L_L76V_V82F_L90M	-3.5977812436	0.568823220339	13.2858	6
M46I_I47V_I54M_I84V_L90M	-2.82154287882	0.469589377328	2.60079	5
V32I_M46I_I54L_V82F_L90M	-3.17596751208	0.602687356498	1.16294	5
T74P_V82T	-1.76823149422	0.199524329691	2.86528	2
M46I_I54L	-0.863881775089	0.474792725248	1.56555	2
M46I_V82T_I84V	-2.1284041937	0.207799886683	3.39605	3
I50V_I54M_L76V_L90M	-3.09385247061	0.64404318542	8.04734	4
I47V_I50V_I54M_L76V_V82T_I84V	-2.33681869223	0.37377012335	12.5924	6
V32I_M46I_I47V_I54L_V82T_I84V_L90M	-2.75681012666	0.216894669125	4.70595	7
I47V	-0.788208627746	0.142404366171	1.59579	1
V32I_I47V_I50V_I54M_L76V_V82T_I84V	-2.91031923305	0.777789125724	12.5358	7
V32I_I47V_I50V_I54L_V82F_I84V	-2.53637543579	0.252740666389	5.91668	6
V32I_I47V_I50V_I54M_L76V_V82F_I84V	-3.16056344732	0.594465057723	10.7891	7
M46I_I50V_L76V_V82F_I84V	-2.8997562361	0.809896706018	10.0293	5
I47V_T74P_V82F_L90M	-4.0	4.4408920985e-16	4.98196	4
V32I_I47V_I50V_I84V	-2.59451165393	0.0653468389478	3.63239	4
I47V_I50V_I54L_L76V_I84V_L90M	-4.0	4.4408920985e-16	15.343	6
V32I_I47V_I54M_T74P_L76V	-3.38489334855	0.869892168787	6.88302	5
V32I_I47V_T74P_V82F_I84V	-2.66701285282	0.944591642481	1.32787	5
V32I_M46I_I47V_I54M_L76V_I84V_L90M	-3.56547790593	0.614507038581	8.02859	7
M46I_I54L_L76V_V82F_I84V_L90M	-3.61891023656	0.538942311943	9.50851	6
M46I_I47V_I54M	-1.78456111724	0.235532416603	0.907717	3
I47V_I54L_L76V_V82T_I84V	-2.44033839254	0.125007081992	12.4903	5
V32I_I50V_L76V_I84V	-2.40910381898	0.218072743518	10.8796	4
I54L_T74P_L76V	-2.47232148062	0.207624199124	9.52305	3
M46I_I47V_I50V_I54L_L90M	-3.03902778339	0.683065865076	8.26846	5
I50V_I54M_V82F	-2.7552524846	0.383937375231	2.09541	3
V32I_M46I_I47V_I50V	-2.11861204771	0.189983920795	2.69658	4
V32I_I84V_L90M	-2.79212044306	0.143545633611	0.0925218	3
V32I_M46I_V82T	-2.40213920046	0.339401523674	0.635988	3
M46I_T74P_V82F	-2.69226917817	0.132779643882	3.01296	3
M46I_V82F	-2.09646328941	0.10892772651	1.70664	2
I47V_L76V_V82F_I84V	-2.4991429881	0.0369783776679	10.0145	4
I47V_I50V_I54M_V82T	-2.38336044345	0.259469025623	3.57228	4
V32I_I47V_I50V_L76V_I84V	-3.21060811023	0.59278687943	9.62097	5
M46I_I47V_V82T_I84V	-2.91904480596	0.787972965959	4.57615	4
V32I_M46I_I47V_I54M_I84V_L90M	-3.61157880532	0.549310521428	0.28785	6
V32I_M46I_I47V_L76V_I84V_L90M	-3.47622582846	0.740728537013	9.50755	6
M46I_I47V_I50V_I54L_V82F_I84V	-2.88241356008	0.793658424179	9.58174	6
V32I_M46I_V82F	-2.67758576907	0.35715376839	0.946105	3
I47V_I50V_I54M_L76V_V82F_I84V_L90M	-3.42175459728	0.817762490907	8.34937	7
V32I_I50V_I54M_L76V	-2.51821977	0.250531934023	8.82032	4
V32I_I47V_I50V_I54M_L90M	-2.90790355413	0.79344388012	0.566721	5
I47V_I54M_V82F_I84V_L90M	-3.24771018305	0.578378247098	2.09865	5
L10F_V82F	-2.95258586537	0.287990268942	0.918259	2
V32I_I50V_I54L_L76V_V82T_I84V	-2.35254848138	0.194684136025	12.1585	6
V32I_M46I_I47V_L76V_V82T_I84V	-2.67964765363	0.287171099597	10.3206	6
V32I_M46I_I47V_I54M_L76V_I84V	-2.91156351197	0.769642142695	7.79819	6
V32I_I47V_I50V_I54L_I84V	-2.60335064924	0.320719184536	5.56408	5
M46I_I50V_I54L_V82T	-2.62137415773	0.285000441123	6.30385	4
M46I_I47V_I50V_L76V_V82T_L90M	-4.0	4.4408920985e-16	12.3727	6
I47V_I50V_I54L_L76V_V82T_I84V	-2.49171243572	0.0849424776735	15.2541	6
M46I_I47V_I50V_I54M_L76V_V82T_I84V_L90M	-3.51219429423	0.689861444904	12.9131	8
M46I_I47V_I50V_L76V_V82F_I84V_L90M	-3.56894819936	0.609599302549	11.1752	7
I47V_I50V_V82T_I84V_L90M	-3.34385619956	0.469095607072	6.50594	5
I50V_L76V_V82F_I84V_L90M	-3.65920982282	0.481950090485	11.1742	5
V32I_I47V_I50V	-2.0633037054	0.105030892067	2.01585	3
V32I_M46I_L76V_I84V_L90M	-3.42299221417	0.816012236315	7.34639	5
V32I_I47V_I50V_V82T_I84V_L90M	-3.00964060645	0.747861648487	4.51618	6
M46I_I50V_I54L_V82F	-2.88613745555	0.342331633996	4.73277	4
V32I_I47V_I54L_V82F_I84V_L90M	-3.49539339254	0.381376545274	3.20152	6
V32I_M46I_I50V_I54L_V82F_L90M	-3.33004712723	0.485861280582	4.53002	6
I47V_I50V	-1.79409679831	0.309724941991	4.25274	2
V32I_M46I_I54L_L76V_V82T_L90M	-3.70232935177	0.420969867847	9.95132	6
M46I_I47V_I54M_V82F_I84V_L90M	-2.86185982694	0.145057492615	1.30745	6
M46I_I50V_V82T_I84V_L90M	-4.0	4.4408920985e-16	5.57397	5
V32I_I47V_I50V_I54M_L76V_V82T_I84V_L90M	-3.5519386223	0.633654477124	11.8352	8
M46I_I50V_I54L_V82T_L90M	-4.0	4.4408920985e-16	5.89708	5
I47V_I50V_L76V_L90M	-3.34082100056	0.536112973638	10.241	4
V32I_M46I_I47V_I50V_I54L_L76V_V82T_I84V	-2.70110441594	0.157068817114	13.9612	8
I50V_I54M_V82T_L90M	-3.54333485595	0.645822040178	2.24023	4
M46I_T74P_L76V	-2.3298085401	0.17783269239	9.26087	3
V32I_I50V_T74P_V82F	-3.42576813669	0.812086489046	4.32603	4
V32I_M46I_I54M_V82T_I84V	-2.47750010037	0.470979433151	1.83498	5
V32I_I84V	-2.34707108656	0.0687259881898	0.199611	2
M46I_I54M_T74P_I84V	-3.52097333699	0.677446003571	3.31782	4
I47V_I50V_I54M_L76V_V82F_L90M	-3.56090363946	0.62097602827	10.0933	6
V32I_M46I_I47V_L90M	-1.84339990444	0.213796643877	-0.515554	4
V32I_I54L_L76V_V82F	-2.66350212556	0.375039210505	10.2127	4
I54L_I84V_L90M	-2.73105011418	0.269821456079	2.46414	3
I54L_L76V_V82F_I84V	-2.4334866875	0.220868105832	10.0371	4
V32I_M46I_I47V_I50V_I54L_V82T_I84V_L90M	-3.65509301003	0.487772142973	7.04275	8
V32I_I47V_I50V_I54L_L76V_V82F_I84V	-2.87460541814	0.290147419312	12.0706	7
V32I_M46I_I47V_I54L_V82T_L90M	-2.75290591539	0.0563671609596	3.73605	6
V32I_M46I_T74P	-2.71711551801	0.923062390663	1.1803	3
M46I_I47V_I54L_L76V_L90M	-2.86002496854	0.358144737752	10.1259	5
V32I_I47V_I50V_L76V_V82F_L90M	-3.3143490352	0.486883452503	10.3427	6
M46I_I50V_I54M_L76V_V82T	-2.57262356309	0.158095917407	11.6101	5
I47V_I50V_I54L_V82T_I84V	-2.87874479457	0.31458447072	8.36794	5
I50V_I54L_V82F	-2.47453636027	0.131672399069	5.19078	3
M46I_L76V_V82T_L90M	-3.5575071868	0.625779337684	7.67599	4
M46I_I47V_I54M_V82F	-2.23933251979	0.318404210507	2.44512	4
I47V_I54M_L76V_V82F_L90M	-3.05790364064	0.733613825711	7.14126	5
V32I_I54L_V82F_I84V	-2.50627732179	0.326497720241	1.01023	4
V32I_M46I_I54L_L76V_V82F	-2.64449913147	0.103832020564	8.98537	5
M46I_I50V_I54M_L76V_V82F	-2.56073019521	0.200759175471	10.9698	5
M46I_I54M	-0.210517798362	0.312147459488	-0.255111	2
I54L_T74P_V82F_I84V	-3.03889267855	0.684250051087	4.34027	4
I50V_I54L_V82T	-2.50598162112	0.50305890381	5.50615	3
I47V_V82F_I84V	-2.48367920977	0.166250674366	3.29188	3
V32I_M46I_I54M_V82F_I84V	-2.74405257805	0.452071190017	-0.747737	5
M46I_I54M_V82T_I84V	-2.71009626993	0.136510258208	3.20627	4
I47V_I54L_I84V	-2.54402381413	0.336071335207	4.79943	3
V32I_I47V_L76V_V82T_L90M	-2.99150597058	0.191620908702	8.11314	5
M46I_I47V_I50V_I54M_L76V_I84V	-2.73798553652	0.154492725792	12.1387	6
M46I_I47V_I50V_I54M_V82F	-2.89916073162	0.782521975513	5.25106	5
V32I_I47V_I50V_L76V_I84V_L90M	-2.94381410239	0.768657253953	11.1291	6
M46I_I47V_I50V_I54L_L76V_V82T_L90M	-3.10859021791	0.709648742927	14.7947	7
L10F_V32I_I47V_V82F	-2.88757318559	0.165176314941	0.222304	4
V32I_M46I_I47V_I50V_L90M	-3.15436680503	0.59817316417	2.26077	5
I50V_I54L_L76V_V82F_I84V	-2.66972322617	0.0552742860084	11.2188	5
V32I_M46I_I47V_I54M_V82F_L90M	-4.0	4.4408920985e-16	-0.0168834	6
M46I_I47V_I54M_T74P	-3.13903311646	0.612164092775	3.02807	4
I47V_I54L_L76V_V82T_L90M	-3.23533953709	0.543792253393	11.1313	5
M46I_I54L_V82F_I84V_L90M	-2.79949448566	0.36410804735	2.67859	5
M46I_I47V_I50V_I54M_V82T	-2.43279139438	0.165735706075	4.12469	5
V32I_I47V_I54M_T74P	-2.53155031822	0.184954407069	0.0403315	4
V32I_I50V_I54M_L90M	-3.19220804946	0.572516383048	0.560223	4
V32I_M46I_I50V_I54L_V82T_I84V_L90M	-3.56707423638	0.612249486418	6.09635	7
I50V_V82F	-2.55592109771	0.26502856526	2.19214	2
V32I_I47V_I50V_I54M_V82F_L90M	-3.00712900535	0.704456547079	1.14665	6
V32I_I47V_I84V_L90M	-2.619231963	0.359122584085	0.916808	4
I47V_I50V_I54L_V82F_L90M	-3.31709576831	0.496049947469	6.70638	5
V32I_M46I_I54M_I84V_L90M	-3.55860604312	0.624225320172	0.822403	5
V82T_I84V_L90M	-1.63056821505	0.234888354013	2.30356	3
M46I_I47V_V82F_L90M	-2.79428497502	0.16314571348	2.60873	4
I50V_I54L_V82T_I84V	-2.40153814095	0.47239214265	6.77402	4
V32I_M46I_I47V_I54M_I84V	-2.51529337795	0.208864862182	0.349621	5
M46I_I47V_I50V_V82F_I84V_L90M	-3.18344453219	0.583727434995	6.5276	6
I47V_I50V_I54L_L76V_V82T_I84V_L90M	-4.0	4.4408920985e-16	14.645	7
L10F_V32I_I47V_T74P_V82F	-3.5602131502	0.621952527534	1.0242	5
I47V_I50V_L76V_V82T_L90M	-3.6315059099	0.521129339879	11.9994	5
I54L_V82T_I84V_L90M	-3.03277267553	0.697469441973	3.84981	4
M46I_I47V_L76V_I84V_L90M	-2.96005165552	0.736590363501	10.6963	5
V32I_M46I_I47V_I54L_L76V_I84V	-2.56662466753	0.040874653284	10.4243	6
WT	0.0	0.0	0.0	1
V32I_I47V_I54M_I84V	-2.58601541695	0.220370481913	-0.00589725	4
L76V_L90M	-2.44711057336	0.414255319736	6.83974	2
L76V_V82F_I84V	-1.95762543743	0.240653863059	8.65078	3
V32I_I47V_I54M_V82F_I84V	-2.77036278041	0.207069816371	-0.0988256	5
V32I_I54M_L76V_I84V_L90M	-3.6004669019	0.565025125951	8.59064	5
I50V_I54M_L76V_V82T_I84V	-3.01670370614	0.706860852294	12.2479	5
V32I_M46I_I54M_V82T_L90M	-3.08571676007	0.72388679496	0.108023	5
M46I_I50V	-1.67570939261	0.235631441149	2.92579	2
I54M_V82T	-2.04676459735	0.252411051233	1.08543	2
M46I_I47V_I54M_L76V	-2.40575723906	0.117238530651	7.82542	4
V32I_I47V_I50V_I54M_I84V	-2.8685144955	0.812757893162	1.51057	5
V32I_I50V_I54L_L76V_V82F_I84V	-2.66118181709	0.271782680739	10.2463	6
V32I_I47V_I50V_I54L_V82T_I84V	-2.58092928695	0.301591598616	6.39276	6
V32I_M46I_I47V_I50V_I54M_V82T_I84V	-2.84582659066	0.82797152891	3.90314	7
M46I_I50V_L76V_V82F	-2.81700213674	0.159419713142	10.5647	4
M46I_I47V_I54L_L76V_V82F	-2.56273143498	0.341801223312	11.0162	5
V32I_M46I_I47V_I54M_V82F_I84V_L90M	-3.09505966793	0.655628723202	0.351606	7
V32I_I47V_I50V_V82T_I84V	-2.99709316161	0.709281273018	4.78903	5
V32I_M46I_I47V_I50V_L76V_V82F_I84V_L90M	-4.0	4.4408920985e-16	10.9543	8
I50V_I54M	-2.12593225445	0.0371397357462	1.0714	2
V32I_M46I_I50V_I54L	-2.23428490149	0.128264978509	3.78361	4
V32I_M46I_I47V_I50V_I54L_I84V	-3.10974372861	0.634497125249	6.13566	6
M46I_I54L_T74P_L76V_V82F	-3.11112904853	0.631987499832	10.8105	5
V32I_M46I_I50V_I54M_L76V_V82F_L90M	-3.61891023656	0.538942311943	8.52181	7
M46I_I50V_L76V_V82T	-2.31128037995	0.172064665952	11.631	4
L90M	-0.194791299582	0.10884768366	-0.250086	1
I54L_L76V_V82T_I84V	-2.42413607889	0.0814105261432	11.1186	4
M46I_I47V_I54L_L76V_V82T	-2.45036288753	0.120033520244	11.2588	5
V32I_M46I_I47V_I54M_L76V	-2.57509681631	0.401130080072	7.31231	5
M46I_I47V_I50V_I54L_L76V_V82F_I84V	-2.50390042205	0.419114118527	14.9918	7
V32I_L76V_V82T_L90M	-3.3170540872	0.484283482071	7.02177	4
M46I_I47V_I50V_I54M_V82T_I84V	-2.80481223102	0.848946494951	5.84378	6
V32I_M46I_I50V_I54L_I84V	-2.88284183787	0.078337441205	5.47021	5
V32I_M46I_I50V_I54M_V82T	-2.634460432	0.231325767993	2.83634	5
V32I_M46I_I47V_I50V_L76V_I84V	-2.55405413217	0.0913398383429	12.5586	6
V32I_M46I_I54L_L76V_L90M	-3.25079786287	0.537839244111	8.30334	5
V32I_I54M_L76V_V82F_L90M	-3.33992267421	0.47743664499	7.56957	5
V32I_M46I_I54L_I84V	-2.55024284589	0.112513045169	2.28271	4
M46I_I47V_I54L_L76V_V82T_I84V	-2.51023766953	0.234924174226	13.3309	6
V32I_I54L_T74P	-2.33420799288	0.214936203709	1.10347	3
M46I_I54L_L76V_V82T_I84V	-2.81523130037	0.445128494282	10.9721	5
L10F_V32I_I47V	-0.960941837881	0.341581830607	-1.87844	3
I50V_I54M_V82F_I84V	-2.31764741269	0.0738680350221	3.11997	4
V32I_L76V_L90M	-3.18235710387	0.181177661934	5.29726	3
V32I_M46I_I50V_I54M_V82F	-2.35771212811	0.299404650856	2.89163	5
I47V_I54M_I84V	-2.46217363664	0.254281675792	1.44173	3
M46I_I54L_L76V_V82F_L90M	-3.65916398825	0.48201491036	9.87599	5
V32I_I50V_L76V_V82T_L90M	-3.54614725694	0.641844704556	9.48135	5
I47V_V82T_I84V	-2.53214761356	0.141010923415	4.2562	3
M46I_I50V_I54M_L76V	-2.39864525354	0.121125663467	9.49195	4
I47V_I54L_V82F_I84V	-2.4475910622	0.192024480831	4.31703	4
V32I_I47V_I54L_L76V_I84V	-2.87429204887	0.330457091618	9.18521	5
M46I_I54M_L76V_V82F_I84V	-2.5957426175	0.243731490841	8.7337	5
M46I_L76V_V82F	-2.42309779079	0.30869986322	7.99911	3
I50V_I54M_V82T_I84V	-2.2998700242	0.0992678909634	3.97056	4
M46I_L76V_V82T_I84V_L90M	-2.95740613327	0.7372309353	9.14181	5
V32I_I47V_L76V_V82F	-2.56908837127	0.15303743391	7.3839	4
M46I_I47V_I84V_L90M	-2.0997802565	0.233411896561	3.22154	4
V32I_M46I_I47V_I50V_I54M_L76V_I84V_L90M	-3.42348832851	0.81531062469	11.778	8
V32I_T74P_V82T	-4.0	4.4408920985e-16	1.6947	3
I50V_V82T_L90M	-3.28886442489	0.530773020674	3.69819	3
M46I_L76V_V82T	-2.6165390319	0.271370876876	8.74005	3
V32I_I50V_I54L_L90M	-3.06498197953	0.661326238436	2.62081	4
M46I_I47V_I54M_L90M	-2.92710364713	0.759859599732	0.913233	4
M46I_I47V_I50V_I54M_L76V_V82F_I84V_L90M	-2.98458879305	0.730823177395	11.3662	8
I47V_I54M_L90M	-2.46428991242	0.365435688282	0.123496	3
V32I_M46I	-0.856170224203	0.109065792819	-0.575033	2
V32I_M46I_I50V_I54L_L76V_V82F_I84V	-2.50937163132	0.252796289585	13.1017	7
V32I_I47V_L76V_V82T	-2.72492704022	0.176955452479	8.19889	4
V32I_M46I_I50V_I54L_V82T_L90M	-2.95616678243	0.86288612598	4.70361	6
M46I_I47V_V82T_L90M	-3.01329432931	0.720883020172	3.18646	4
M46I_L76V_V82F_I84V	-2.51001678389	0.211528360903	7.33557	4
V32I_L76V_I84V	-2.9857641567	0.718607021152	7.11701	3
V32I_M46I_I54M_L76V_V82T_I84V	-2.46824332848	0.177205428062	9.75721	6
V32I_I47V_I50V_I54M_L76V_V82F	-2.37337167504	0.173072597018	7.74003	6
I47V_I54M_I84V_L90M	-3.07623119075	0.653264514897	1.4051	4
M46I_I50V_I54L_V82T_I84V_L90M	-2.9801955922	0.759399156733	7.60994	6
V32I_I54L_I84V_L90M	-2.77769548018	0.369387093211	1.52569	4
I54M_L76V	-2.27198186719	0.253909260389	5.57935	2
V32I_I47V_I50V_V82F_I84V_L90M	-3.6389313748	0.510628146705	3.45291	6
V32I_I47V_I50V_I54M_L76V_L90M	-3.07931727272	0.69495237372	7.44972	6
V32I_M46I_V82F_I84V_L90M	-3.01474071707	0.731803890385	0.969733	5
M46I_I47V_I54L_L90M	-2.2476813858	0.17461889139	3.09064	4
V32I_I47V_I50V_I54M_V82F	-2.57964885938	0.203109630636	1.86957	5
I47V_I54M_T74P	-2.61635741445	0.248268253026	1.51395	3
V32I_I47V_I50V_I54M_L76V_V82T	-3.30178180157	0.497247135762	9.89787	6
V32I_M46I_I47V_I50V_I54L_V82F_I84V_L90M	-3.58367313869	0.588775093639	6.04289	8
I54L_V82F_L90M	-2.91214586556	0.773765810832	1.40836	3
I47V_I54L_V82T	-2.77117434347	0.462646954321	4.54728	3
V32I_M46I_I47V_I50V_I54L_I84V_L90M	-3.61891023656	0.538942311943	5.58524	7
V32I_M46I_I47V_I50V_L76V_V82T_I84V	-2.4326338818	0.347368585976	12.0673	7
M46I_I54L_V82F	-2.23734533269	0.250045732939	2.03269	3
I47V_I50V_I54L_I84V	-2.60419276092	0.42459444845	7.43396	4
V32I_I50V_I54M_L76V_V82F	-2.61538967271	0.238278806647	10.1311	5
I50V_V82T_I84V_L90M	-3.5602131502	0.621952527534	5.00753	4
I50V_L76V_L90M	-2.79154817042	0.310576039047	8.97823	3
V32I_M46I_I50V_I54M_L76V_I84V	-2.58563750118	0.0459437932835	11.6874	6
I47V_I54M_V82T_I84V	-2.25753625122	0.226104276338	2.97895	4
I54L_T74P_V82F	-2.83395397093	0.829600755336	3.7737	3
I54M_V82F_I84V	-2.2867555282	0.246719117739	1.8672	3
V32I_M46I_I47V_I50V_V82T_I84V	-2.34198736065	0.183128563117	5.36168	6
I47V_L76V_V82F_L90M	-2.75135532055	0.295919769588	8.64882	4
V32I_V82F_I84V	-2.62496942857	0.270510385582	-1.22386	3
I54M_L76V_V82F_L90M	-3.20785774581	0.566645004008	5.0503	4
V32I_I50V_I84V	-2.56206213558	0.150146207577	2.8934	3
M46I_I54L_I84V_L90M	-2.59327392767	0.312585335009	3.18125	4
I47V_I54M_L76V_I84V_L90M	-3.09915819657	0.639060745797	8.16104	5
M46I_I47V_I50V_I54M_V82F_I84V	-2.57156696988	0.239004502866	4.36473	6
V32I_I54L_V82F	-2.58728653008	0.144682599215	0.901584	3
M46I_I50V_I54M_L90M	-3.57666702181	0.59868323915	1.8695	4
M46I_I50V_I54M_I84V_L90M	-3.47246549166	0.746046456319	4.78079	5
V32I_I50V_V82T_I84V_L90M	-4.0	4.4408920985e-16	3.76472	5
I47V_I54M_T74P_V82F	-3.016577082	0.779721062984	3.99497	4
V32I_M46I_V82F_I84V	-2.53595828774	0.263586861829	1.36205	4
V32I_I47V_I54L_V82T_I84V_L90M	-3.30960222216	0.49410131167	3.70924	6
V32I_I47V_L76V_I84V_L90M	-3.70740934062	0.413785678715	8.55795	5
V32I_M46I_I47V_I50V_I84V	-2.77116329142	0.280655885834	4.24514	5
V32I_M46I_I50V_I54L_L76V_V82T_I84V	-3.31574219046	0.496422315664	15.4993	7
V32I_I47V_I54L_L90M	-1.91882379049	0.488386597853	1.4737	4
V32I_I54L_V82T	-2.73362163623	0.581299928303	0.71811	3
M46I_I50V_I54M_V82F_L90M	-3.08463678687	0.652674188386	3.15896	5
V32I_M46I_I47V_I50V_V82F_I84V	-2.65313047728	0.134914638576	4.68442	6
V32I_I47V_L76V_V82F_I84V_L90M	-3.11553243202	0.085536401715	6.92407	6
M46I_T74P	-0.990364837479	0.800105512244	2.2538	2
I50V_I54L_V82F_L90M	-3.19745923441	0.640463491325	5.35125	4
M46I_I50V_I54L_I84V	-2.61088404929	0.0683254793617	6.53538	4
V32I_M46I_I54M_V82F_I84V_L90M	-3.5914401645	0.577790860409	0.389079	6
V32I_M46I_I47V_I50V_I54L_L90M	-2.99018333332	0.734283751374	4.91346	6
M46I_V82T	-1.24028945547	0.428745649545	1.84953	2
V32I_M46I_I54L_V82T_I84V	-2.60508575695	0.229863240365	3.38439	5
I50V_I54L_L76V_V82T	-2.5506444576	0.167428488917	10.911	4
M46I_I47V_I50V_V82T_I84V_L90M	-2.99437970909	0.711081186602	6.85164	6
M46I_I47V_I54M_L76V_I84V_L90M	-3.67820184049	0.455091321528	9.67646	6
V32I_I47V_I50V_I54L_L76V_V82T_L90M	-4.0	4.4408920985e-16	10.768	7
M46I_I47V_I50V_I54M_L76V_V82F_L90M	-4.0	4.4408920985e-16	11.4403	7
M46I_I47V_V82F_I84V_L90M	-3.12487188909	0.625781693206	3.64659	5
M46I_I47V_I54L_V82F_I84V_L90M	-3.08554527708	0.125364775695	5.68805	6
I54L_L90M	-1.30517220506	0.270456540157	0.908246	2
V32I_V82T_L90M	-2.75931812966	0.167424668717	-0.254227	3
M46I_I47V_I50V_L76V_V82T	-2.57667313452	0.205280648803	12.5737	5
V32I_I47V_I50V_I54L_I84V_L90M	-3.55474967814	0.629679043823	5.61083	6
M46I_I47V	-0.972647054244	0.0898910652637	2.18117	2
V32I_M46I_I47V_I54L_L76V_V82T	-2.72802313716	0.366332928146	11.6516	6
I54L_L76V	-2.36401766459	0.230405568565	7.28622	2
M46I_I50V_I54L_V82F_I84V_L90M	-2.69690588595	0.358105665646	6.15309	6
V32I_I47V_I50V_I54L_L76V_L90M	-3.45716385491	0.767686238533	11.8276	6
V32I_I47V_I54L_T74P_I84V	-2.64807368708	0.974449613619	4.1991	5
I47V_I54M_V82T_I84V_L90M	-3.39510820338	0.444430023948	2.86009	5
L76V_V82T_L90M	-1.98023511729	0.404955738002	7.19427	3
I50V	-2.24803268473	0.0672834908186	2.62253	1
V32I_M46I_I47V_I54L_L76V_V82F	-2.54132063953	0.38391019721	12.3928	6
V32I_I54M_L76V_V82F_I84V	-2.89256425914	0.793266987598	9.24259	5
M46I_I50V_L90M	-3.03996239936	0.678918994095	2.70088	3
V32I_M46I_I47V_I50V_L76V	-2.48823050842	0.179981066882	11.3312	5
M46I_I54M_L76V_V82T_I84V	-2.48134322703	0.427582078731	9.44898	5
I54L_L76V_V82F_L90M	-2.73483454285	0.325945642444	7.52802	4
I54M_L76V_V82T_I84V_L90M	-3.01650081217	0.713573861859	8.99766	5
M46I_I47V_L76V_V82F_L90M	-3.18625016116	0.641032939022	9.66287	5
V32I_I47V_L90M	-1.29843500018	0.114465713519	-0.762466	3
I50V_V82F_I84V	-2.78903310703	0.101717722415	4.33871	3
V32I_M46I_I47V_I84V_L90M	-2.93076744226	0.187092203487	1.64927	5
I47V_L76V_V82F_I84V_L90M	-3.16370781049	0.603725303857	9.32549	5
V32I_I47V_I50V_I54M_V82F_I84V_L90M	-3.63649829522	0.514069040846	1.53179	7
V32I_M46I_I84V	-1.99462959984	0.165779538614	0.833663	3
M46I_I54M_L76V_I84V_L90M	-3.25454648978	0.528901815833	8.1051	5
V32I_M46I_I47V_I50V_I54L_L76V_V82F_L90M	-3.4282569699	0.808566747362	11.8188	8
V32I_M46I_I47V_L76V_V82T_I84V_L90M	-3.10199715119	0.714205668517	9.67248	7
V32I_I47V_I50V_V82F_I84V	-2.6608667958	0.199200557088	2.14172	5
V32I_M46I_I47V_I50V_I54L	-2.1295317478	0.0705303167416	4.95707	5
V32I_I50V_V82T_L90M	-2.94412195902	0.109622494952	2.41338	4
L76V_V82F_L90M	-2.15471787409	0.408633891408	8.02791	3
I47V_L90M	-1.30036432242	0.261957776706	1.33955	2
V32I_I54L_V82T_I84V_L90M	-3.39529273474	0.429631808742	2.41578	5
I54L_V82F_I84V	-2.34400908342	0.187625028824	3.26153	3
I50V_I54L_I84V_L90M	-2.92149850584	0.811716083479	5.51254	4
V32I_M46I_I47V_I50V_I54M_L76V_V82F	-3.00871938372	0.701089782531	11.3053	7
I47V_I54L_L76V_V82F_I84V	-2.6106819569	0.245096087484	11.7669	5
M46I_I47V_I54M_L76V_V82F_I84V_L90M	-3.0342224404	0.685406243241	9.41859	7
V32I_I47V_I54M_L76V_V82F_L90M	-3.28281351779	0.544116475186	5.65315	6
I47V_I54M_L76V_L90M	-2.91358807418	0.209553435164	6.63123	4
I54M_L76V_I84V	-2.62499380887	0.530085228983	8.39786	3
M46I_I47V_L76V_V82F_I84V_L90M	-3.11544105242	0.639556917807	9.61957	6
M46I_I47V_I50V_I54L_V82F_I84V_L90M	-3.21456851418	0.624261873914	8.09391	7
M46I_I47V_I50V_I54M_L76V_V82T	-3.09643898405	0.645169599346	11.5842	6
I47V_I50V_I54M_V82F_L90M	-2.92201893119	0.762764075949	3.2437	5
M46I_I50V_L76V_V82T_I84V	-2.45437615155	0.117898545133	12.1892	5
V32I_I54M_V82T_I84V_L90M	-3.28779060688	0.520189524147	0.623259	5
I47V_I54M_L76V_V82F_I84V	-2.45760073502	0.138198070875	8.07562	5
V32I_I47V_I54M_I84V_L90M	-3.35996122108	0.463610890499	-0.726429	5
V32I_M46I_I47V_I50V_I54L_V82F_I84V	-2.69925084307	0.349649973705	5.85451	7
I50V_I54L_L76V_I84V	-2.31040346329	0.11880923259	13.6351	4
M46I_I47V_L76V_V82F	-2.55086377427	0.131743317487	9.46466	4
M46I_I47V_I50V_L90M	-3.23632129985	0.557918246714	3.89394	4
M46I_I47V_I50V_I54M_V82F_L90M	-2.87746728334	0.802670325301	3.80887	6
M46I_I47V_I50V_I54M_V82F_I84V_L90M	-2.88709990165	0.817497410715	3.20557	7
I47V_I54L_L76V	-2.31599191185	0.298956628871	9.97331	3
V32I_M46I_V82F_L90M	-3.06404898557	0.0351005369637	0.844099	4
V32I_I47V_T74P_I84V	-2.89454089205	0.782298936203	2.77039	4
M46I_I54L_V82T_I84V_L90M	-3.48670968392	0.72590212643	3.98594	5
M46I_I47V_I54L_V82T_I84V	-2.52457149318	0.162750757798	6.65143	5
V32I_M46I_I47V_I50V_I54L_V82T_L90M	-3.43283123638	0.802097757673	5.61239	7
I47V_L76V_V82T	-2.46828468395	0.294285877547	9.37032	3
V32I_I54M_L76V_V82T	-2.43326554909	0.167218607425	6.8475	4
V32I_M46I_I47V_I54M_L76V_V82T_I84V	-2.85489174257	0.830223796832	9.25691	7
I47V_I50V_I54L_L76V_L90M	-3.27566829995	0.512795204267	11.9082	5
V32I_M46I_I54L_V82F_I84V	-2.51501875343	0.075554164571	2.20337	5
V32I_I50V_I54L_V82T_L90M	-2.66723985832	0.322193516179	3.58736	5
V32I_M46I_I47V_T74P_V82F_I84V	-3.56374616274	0.61695609329	3.87514	6
V32I_L76V_V82F_I84V_L90M	-3.28754820088	0.508549741382	7.48187	5
V32I_I47V_I54M_V82F	-2.53389483368	0.111577586785	-0.251475	4
V32I_T74P	-2.46849585525	0.203195414448	0.27027	2
V32I_I54M_I84V_L90M	-2.81693347901	0.345067822201	-0.278531	4
M46I_I54M_I84V	-1.51391818644	0.764345096425	1.23363	3
V32I_I47V_I54M_L76V_I84V	-2.49190349468	0.219744905758	6.82404	5
V32I_M46I_I54M_V82T_I84V_L90M	-3.11668367659	0.62619268218	2.00646	6
I50V_I54L_L76V_V82F_I84V_L90M	-3.15088314662	0.602140602939	11.0138	6
V32I_M46I_I54M_V82F_L90M	-3.3121845401	0.492796937254	-1.76608	5
V32I_I50V_I54M_I84V	-2.58143293712	0.233716408981	4.63651	4
M46I_I47V_I50V_I54M_L76V	-2.431830587	0.111879341243	9.69184	5
V32I_M46I_I47V_I54L_L90M	-1.95485655388	0.10511809317	1.54191	5
V32I_M46I_I47V_I50V_V82F_I84V_L90M	-3.1428403002	0.660132828983	2.72003	7
V32I_I47V_I50V_I54M_I84V_L90M	-3.05981125747	0.667090347469	1.01254	6
L10F_I47V_V82F	-2.88575979122	0.138529388319	2.5848	3
I47V_T74P_V82F_I84V	-3.17039946168	0.613956671786	4.66916	4
I47V_I54M_V82T_L90M	-3.60185939574	0.563055842274	1.56149	4
V32I_M46I_I47V_I50V_V82T_L90M	-2.65283989522	0.228649389137	3.50695	6
V32I_I54M_V82F_I84V	-2.81860554369	0.277705719419	-0.143621	4
V32I_I47V_I50V_I54M_L76V	-3.14310374854	0.620598792741	7.82232	5
V32I_I47V_I50V_L76V_V82T_I84V	-2.55172917413	0.345934386973	10.9891	6
I47V_I54M_V82F_L90M	-2.67889699556	0.123149233807	2.06831	4
I47V_I54L_L76V_I84V	-2.44394656868	0.165589866878	11.8832	4
V32I_M46I_I50V_L76V_V82F_L90M	-3.07176261117	0.707326170025	9.81845	6
I50V_I54L	-2.15191719924	0.146994658079	4.35305	2
V32I_M46I_I47V_I50V_I54M_V82T_L90M	-2.96124677129	0.763021742161	1.90255	7
V32I_M46I_I50V_I54L_L76V_V82F_I84V_L90M	-3.1783254105	0.581671105253	13.3068	8
I54M_L76V_I84V_L90M	-2.78570241099	0.295156604858	8.09788	4
M46I_I50V_I54M_V82T_I84V	-2.36329117462	0.184493084426	4.53759	5
V32I_M46I_I50V_I54M_L76V_V82F_I84V	-2.42166738663	0.146743091465	11.6807	7
M46I_I50V_I54L_I84V_L90M	-3.18835720635	0.57447993475	6.28101	5
I47V_I54M_V82F_I84V	-2.57956529019	0.102406494053	0.844064	4
I54L_T74P	-1.893931642	0.0860420078598	2.4263	2
V32I_M46I_L76V_V82F_I84V_L90M	-3.08569719593	0.764042236213	8.46287	6
I47V_I54M_L76V_V82T_I84V_L90M	-3.31230727417	0.488649810565	9.28983	6
V32I_L76V	-2.63623389979	0.0970257681455	5.73073	2
V32I_M46I_I47V_I50V_L76V_V82T_L90M	-3.51856690467	0.680849212793	10.6116	7
V32I_M46I_I47V_V82T_L90M	-3.08973603065	0.645312407523	1.42821	5
M46I_I84V	-0.301304513461	0.165821110668	1.96433	2
V32I_I50V_I54M_L76V_V82T	-3.31939560319	0.962519968585	9.54357	5
V32I_I47V_I50V_V82T_L90M	-3.54333485595	0.645822040178	3.04205	5
V32I_M46I_I54M_L90M	-2.56486278229	0.282769105144	-1.62311	4
M46I_I47V_I84V	-0.861149989598	0.287598172171	3.59664	3
V32I_M46I_I47V_I50V_I54L_V82T_I84V	-2.42443583008	0.360042251765	7.88378	7
V32I_I54L_L76V_V82F_I84V_L90M	-3.31742925411	0.485076977387	7.46274	6
M46I_I47V_I50V_V82F_L90M	-3.23251624263	0.551815018505	5.90859	5
V32I_M46I_I47V_I54M_L76V_V82T_I84V_L90M	-3.42119387021	0.818555478736	8.9818	8
M46I_I54M_V82T_L90M	-2.66857958762	0.240797741973	1.25102	4
M46I_I47V_I50V_I54M_L76V_L90M	-3.10136974015	0.635598762827	10.3681	6
I54L_L76V_I84V_L90M	-2.58996656309	0.42474789444	9.69255	4
V32I_I47V_I50V_L90M	-3.15874395869	0.606066569964	1.73472	4
I47V_V82F_L90M	-2.77864364935	0.222044583389	2.97446	3
V32I_M46I_I50V_I54L_L76V_L90M	-3.55670726369	0.626910599796	11.9406	6
I47V_I54M_T74P_V82F_I84V	-2.95716861915	0.749641279028	3.00995	5
I50V_I54M_V82T_I84V_L90M	-3.09998779671	0.681409267968	4.52587	5
V32I_M46I_I47V_I54L_L76V_V82F_I84V	-2.66199021913	0.110294756112	10.5046	7
V32I_I47V_I50V_I54L_V82T_L90M	-3.68055579198	0.451762331397	5.0095	6
V32I_I47V_I50V_I84V_L90M	-4.0	4.4408920985e-16	3.64952	5
M46I_I47V_L76V_L90M	-2.83358682182	0.265778422792	8.85351	4
V32I_I50V_I54L_I84V	-2.90498601441	0.77432224549	4.49281	4
I47V_I54L_L76V_V82F	-2.39283271491	0.250386182817	9.52075	4
V32I_I47V_I54M_L76V_V82T_I84V	-2.65454262643	0.398700077714	8.58322	6
V32I_M46I_I47V_I50V_I54M_L76V_V82F_I84V	-3.07621726503	0.664232243116	11.6599	8
V32I_L76V_V82F_I84V	-2.97430764354	0.314857970398	6.36878	4
M46I_I54L_L76V_V82T	-2.56199265281	0.203212750353	9.33436	4
M46I_I47V_I54M_L76V_V82T_L90M	-3.4363015298	0.797190021641	9.25611	6
M46I_I54M_L90M	-1.11685344924	0.429513385903	-0.468508	3
V32I_M46I_I54M_L76V	-2.59419537052	0.435806638418	6.4487	4
I47V_I50V_I54L_L76V	-2.27572435622	0.132970401864	12.7112	4
V32I_I47V_I54M_L76V_V82T	-2.59794906869	0.0748032691712	6.78735	5
M46I_I50V_I54L_L76V_V82F_L90M	-3.06318363557	0.670078726506	12.6062	6
V32I_I50V_I54L_L76V	-2.74179711253	0.261052557336	10.2702	4
V32I_I54M_L90M	-3.21519904511	0.63703464299	-2.71104	3
V32I_M46I_I47V_I50V_I54L_L76V_V82F_I84V_L90M	-3.11568478504	0.625472482788	11.5126	9
V32I_M46I_L76V_V82T_L90M	-3.20802593035	0.596094115376	8.03791	5
M46I_I47V_I50V_L76V_L90M	-3.00905397345	0.715561652557	11.1877	5
V32I_I54L_V82F_I84V_L90M	-3.18514016833	0.585475979159	1.37285	5
M46I_I47V_I54M_L76V_V82F_I84V	-2.84942901175	0.813622820356	9.96334	6
V32I_I47V	-0.883212633117	0.556841652896	-0.533357	2
M46I_I47V_I50V_I54M_L76V_V82T_L90M	-4.0	4.4408920985e-16	10.6764	7
V32I_I50V_I84V_L90M	-3.22264250453	0.559388229728	2.69936	4
I47V_I50V_V82T_I84V	-3.0286049689	0.688481346184	6.77485	4
V32I_I47V_I54L_L76V_V82T_L90M	-2.79258768543	0.0979767620185	9.18869	6
I47V_L76V_V82T_I84V_L90M	-3.41752874211	0.823738752604	10.5784	5
M46I_I47V_I54M_I84V	-2.56481028225	0.389614738103	2.15758	4
V32I_I47V_V82T_I84V_L90M	-2.49936006256	0.248297548531	1.92185	5
V32I_I54M_T74P	-2.83339610963	0.865648875228	0.016321	3
I54L	-1.06015458064	0.121029033003	0.951037	1
I54M	-1.27780852585	0.306439041805	0.293856	1
I47V_I50V_I54M_V82F	-2.45434636984	0.578456195695	2.73803	4
M46I_I50V_I54M_V82F_I84V_L90M	-3.35883165576	0.906748968194	3.68357	6
I47V_T74P_I84V	-3.3508189088	0.918080703611	4.80821	3
I47V_I50V_I84V_L90M	-3.25458833226	0.620420899089	5.43852	4
V32I_I47V_I50V_L76V_V82F_I84V	-2.94979973879	0.257504653232	9.38429	6
V32I_M46I_I54L_L76V_V82T_I84V_L90M	-4.0	4.4408920985e-16	9.03373	7
I50V_L76V_I84V_L90M	-3.11880050301	0.652829721018	10.5777	4
M46I_I50V_I54M_L76V_V82T_I84V	-2.92147822924	0.763728817771	11.8834	6
I47V_I50V_I54M_I84V_L90M	-3.54011451624	0.650376288268	3.3124	5
M46I_I47V_I54M_L76V_V82T_I84V_L90M	-2.80461172782	0.064742926745	9.72741	7
V32I_I47V_V82F_I84V_L90M	-2.96170578251	0.198227968951	0.142203	5
I47V_I50V_I54L_L76V_V82F_I84V	-2.72083902293	0.27104245527	14.7948	6
V32I_I47V_I50V_V82T	-2.84126091451	0.287397342644	3.29851	4
I50V_I54M_L76V_V82F_L90M	-3.105651372	0.639169955999	8.3286	5
M46I_V82T_L90M	-2.29315545385	0.281963228548	1.54702	3
M46I_I50V_I54L_L76V_V82T	-2.62693184706	0.209840451898	13.6349	5
M46I_I47V_I50V_I54L_L76V_I84V	-2.49714854979	0.0737657787317	15.2178	6
V32I_T74P_V82F	-2.67086752272	0.330753498462	1.55242	3
I54M_I84V_L90M	-3.06753666441	0.702342645922	1.27784	3
V32I_M46I_I47V_I54L_V82F_L90M	-3.2167898834	0.574806110018	4.55724	6
M46I_I50V_V82F_I84V	-2.33795717882	0.084204079582	5.12749	4
V32I_I47V_I50V_I54L_L76V_I84V	-3.02673818476	0.688200337075	13.361	6
T74P_L76V_I84V	-2.71008361428	0.91211177456	8.15577	3
V32I_M46I_T74P_V82F_I84V	-3.08129725388	0.650256801376	2.56594	5
I47V_I50V_I54M_L76V_I84V_L90M	-2.88812678822	0.787165851533	9.35083	6
I50V_I54M_I84V	-2.52460145077	0.337414332582	3.44671	3
M46I_I50V_I54L_L76V_V82F	-2.74132357177	0.0988675856598	13.2954	5
V32I_V82F	-2.57854029053	0.105123070682	0.218869	2
V32I_M46I_I50V_I54L_L76V_V82T	-2.40769708236	0.131482851435	13.3109	6
M46I_I50V_I54L_L76V_V82T_I84V_L90M	-3.11059463283	0.663787946407	15.5153	7
V32I_M46I_I54M_L76V_V82T_L90M	-3.64198976536	0.506302929296	7.57116	6
V32I_M46I_I47V_I54M_V82T_L90M	-2.92027524736	0.260543990267	0.628863	6
L10F_I47V_T74P_V82F	-3.45378644839	0.772462612641	3.90989	4
M46I_I54L_L76V_V82T_I84V_L90M	-3.04630567094	0.73293764929	11.8742	6
M46I_I50V_I54M_L76V_I84V	-2.35512900292	0.072759304753	10.2057	5
V32I_I47V_T74P_V82F	-2.93687442595	0.762761781261	2.10484	4
V32I_I50V_I54L	-2.15308676713	0.216493653689	2.66944	3
V32I_I54L_V82T_I84V	-2.52197693877	0.251443281328	2.48145	4
M46I_I47V_L76V_V82T_I84V	-2.63517700127	0.229479686171	12.3423	5
V32I_V82F_I84V_L90M	-3.30223683263	0.546953673588	0.121358	4
V32I_M46I_I47V_V82T_I84V	-2.52848203575	0.202531681276	2.57294	5
M46I_I47V_I54L_T74P	-2.76000438772	0.876810013078	5.87827	4
M46I_I50V_I54L_L76V_V82F_I84V_L90M	-3.40186322122	0.845893144711	12.0633	7
M46I_I47V_I50V_I84V	-2.6710403801	0.324234939827	6.08872	4
M46I_I50V_I54M_L76V_V82F_L90M	-3.01004522998	0.701439522701	10.6617	6
I54L_L76V_V82F_I84V_L90M	-3.72537746513	0.38837491334	8.33427	5
I47V_V82F_I84V_L90M	-3.06106685846	0.165998767483	2.34944	4
I47V_I50V_I54L_V82F_I84V	-2.67913134098	0.199028438937	7.83059	5
I47V_L76V_V82F	-2.57369595087	0.111229230825	10.4852	3
M46I_I47V_I50V_I54M_L90M	-3.00560604163	0.7081149302	3.06248	5
V32I_M46I_I54L_L76V_V82F_I84V	-2.51592949389	0.198559180541	9.69746	6
V32I_I47V_I50V_I54L_L76V_V82T	-2.72500821784	0.9243566295	11.5307	6
T74P_I84V	-1.89448854814	0.115846252307	2.96869	2
V32I_I54L_L76V_V82T	-2.74777205503	0.36530556179	8.01118	4
V32I_I54M_V82F	-2.70328497367	0.382488070312	-0.296657	3
V32I_I50V_L76V_V82F	-2.76505519722	0.213100534377	9.253	4
I54L_I84V	-2.13546512809	0.0775969714432	3.46772	2
M46I_I54M_L76V	-2.39579272725	0.0713144395626	7.16558	3
M46I_I47V_T74P_V82T	-3.09790481361	0.690115068335	4.98254	4
I50V_I54M_L76V_V82T	-3.10075452701	0.637176540498	9.90829	4
M46I_I54M_I84V_L90M	-2.39463921605	0.275343604613	2.17163	4
V32I_M46I_I47V_I54L_L76V	-2.46751805768	0.305424996865	9.76711	5
I54M_L76V_V82F_I84V	-2.3410757618	0.180351182765	8.69035	4
L76V_I84V_L90M	-2.22502779447	0.427933963322	7.81971	3
V32I_M46I_I50V_L76V_I84V	-2.37460914787	0.11468621584	11.1541	5
M46I_I50V_I54M_L76V_V82F_I84V	-3.19509394449	0.618148704328	9.12677	6
V32I_I50V_L76V_V82T	-2.78194753979	0.130392952387	9.83787	4
V32I_I54M_V82T	-2.43440849289	0.292012969155	0.109197	3
I54L_L76V_V82T_I84V_L90M	-2.89845663698	0.220902691025	9.97293	5
M46I_I47V_T74P_V82F	-3.09492310813	0.659206370698	3.83336	4
V32I_I50V_L76V_V82F_I84V	-2.99787798249	0.713221638246	11.0644	5
I50V_I54M_L76V_V82F	-2.30616053256	0.231985183622	7.7532	4
M46I_I50V_I54L_L76V_V82F_I84V	-2.89184025393	0.294985673638	15.3929	6
I50V_I54M_L76V_V82F_I84V	-2.58555130599	0.098564812819	10.0902	5
V32I_M46I_I50V_I54M_L90M	-2.51936105766	0.187580188042	1.73505	5
V32I_M46I_I50V_V82T_I84V_L90M	-4.0	4.4408920985e-16	4.75214	6
V32I_M46I_I47V_I50V_I54M_V82F_I84V_L90M	-3.56498179159	0.615208650206	1.05298	8
V32I_I50V_I54L_L76V_V82F_I84V_L90M	-3.39978023812	0.84883892765	13.7241	7
I50V_I54L_L76V_V82T_L90M	-3.63649829522	0.514069040846	11.7063	5
V32I_I50V_I54L_L76V_V82F	-3.28811479584	0.653410597207	11.9828	5
V32I_I50V	-2.3011357108	0.191561385098	1.28355	2
V32I_I50V_I54M	-2.40522986161	0.279980995142	1.22643	3
I47V_I50V_I54L_L76V_V82F_I84V_L90M	-3.5505123563	0.635671521835	13.3097	7
M46I_I50V_V82T	-2.38178017485	0.434092032439	4.61599	3
V32I_I47V_I50V_I54L	-2.25088846445	0.23583845804	4.48081	4
V32I_V82T_I84V	-2.6590691417	0.0967440048417	1.41105	3
V32I_I50V_I54L_L76V_V82T	-2.88581050156	0.793036625018	11.5046	5
V32I_I50V_L76V_L90M	-3.69812457549	0.426916319489	9.82089	4
L76V_V82T	-1.93749708363	0.307305722176	9.43749	2
V32I_I47V_I54L	-0.968889716721	0.462889189086	0.97345	3
V32I_I47V_I54M	-1.28424245383	0.0658559118406	-1.82042	3
I47V_I50V_I54L_V82T_L90M	-3.61540435004	0.543900384205	6.86936	5
I47V_I54L_I84V_L90M	-2.74984586777	0.235781366561	4.64032	4
I47V_I50V_I54L	-2.09776470491	0.195053185149	5.79603	3
M46I_I50V_L76V_V82F_I84V_L90M	-3.05433964009	0.713908284617	10.4761	6
V32I_M46I_I47V_I54M_V82T	-2.38872751207	0.25921168934	0.939271	5
I47V_I50V_I54M_V82F_I84V	-2.49977412711	0.0416289837989	4.02827	5
V32I_M46I_I54L_V82T_I84V_L90M	-3.16748204894	0.58867911214	3.02111	6
L10F_V32I_V82F	-2.94494823273	0.334875015865	-0.464327	3
I47V_I50V_I54M_V82T_I84V_L90M	-4.0	4.4408920985e-16	4.45056	6
V32I_M46I_I47V_I84V	-1.96857770397	0.560629126911	1.40351	4
V32I_I47V_T74P_V82T	-2.80531576136	0.855604589291	2.28388	4
L76V_V82F	-2.02603529383	0.199692809342	7.98476	2
V32I_I54M_L76V_V82T_I84V	-2.38589968926	0.25371186804	9.74203	5
V32I_T74P_V82F_I84V	-3.50012357001	0.706932026801	1.66816	4
V32I_M46I_I47V_I54M_V82F	-2.73330485837	0.189845192352	-0.823788	5
V32I_I47V_I54L_V82F	-2.59799256548	0.0986336527957	2.36802	4
M46I_I47V_I50V_I54L_V82T	-2.49643239959	0.157225156719	10.1095	5
I47V_I50V_V82F_L90M	-3.19665084901	0.751177822688	4.62913	4
V32I_I50V_V82T_I84V	-3.28623214794	0.50818088188	4.03277	4
V32I_I47V_L76V_V82T_I84V	-2.54239677512	0.0246087240895	8.19605	5
M46I_L90M	-1.12692168187	0.0734044267191	0.515598	2
I54M_T74P	-2.96615452356	0.850535993615	0.856545	2
V32I_M46I_I50V_I54L_V82F	-3.12294349942	0.634734363233	5.19362	5
M46I_I47V_I54L_L76V_V82T_L90M	-3.42299221417	0.816012236315	12.7549	6
V32I_I50V_L76V_V82T_I84V	-3.00023413906	0.732897753234	10.9684	5
V32I_M46I_I47V_I54M_V82T_I84V	-2.59432341647	0.384766433334	1.52814	6
I50V_I54M_V82F_L90M	-3.45847732448	0.765828712059	1.24357	4
V32I_M46I_I54L_V82F_I84V_L90M	-3.09984000208	0.667911359505	3.27364	6
V32I_M46I_I47V_I50V_I54M_I84V	-3.12785125169	0.698269581612	2.91402	6
M46I_I47V_I54L_L76V_I84V_L90M	-3.24650241169	0.563704100119	11.5404	6
V32I_I47V_L76V_V82F_I84V	-2.81030257791	0.162636893286	7.41632	5
V32I_M46I_L76V_I84V	-2.45192631212	0.318897842458	7.09516	4
V32I_M46I_I50V_I54L_V82T	-2.49463707716	0.265315089983	4.82144	5
M46I_I50V_I54M_L76V_L90M	-4.0	4.4408920985e-16	8.81884	5
V32I_I50V_I54L_V82F_I84V_L90M	-3.59674349846	0.570290813592	2.43966	6
M46I_I50V_I54M_V82F	-2.45429575406	0.254770034891	3.89324	4
I47V_I50V_V82T_L90M	-2.96581222057	0.0163200087171	5.15309	4
M46I_I47V_I50V_I54L_V82F	-2.51303726701	0.373975095044	8.44136	5
V32I_M46I_I47V_I54L_L76V_V82F_I84V_L90M	-3.32207772147	0.488020407099	10.8381	8
I47V_I50V_I54M_L90M	-3.52611146857	0.670179588197	1.86771	4
V32I_M46I_I54L_L76V_V82T_I84V	-2.55815280232	0.039589102853	13.4732	6
I54M_L90M	-1.56573577182	0.290183867408	-0.689555	2
V32I_I47V_I54M_L76V_V82F	-2.47973311723	0.238924324279	7.48025	5
M46I_I47V_I50V_I54L_L76V_L90M	-3.53700117416	0.654779218869	12.445	6
M46I_I47V_I50V_L76V	-2.89759658665	0.785978042228	12.3271	4
L10F_V32I_T74P	-2.83444208152	0.348567485905	-1.08355	3
V32I_M46I_I47V_L76V	-2.69406369272	0.0978132087964	7.97088	4
V32I_M46I_L76V	-2.49308280892	0.242971060275	6.84174	3
I50V_I54M_L76V_I84V	-2.99084414555	0.716247359934	9.93534	4
V32I_M46I_I54L_V82T_L90M	-3.08644851307	0.649523654807	1.43965	5
V32I_I47V_I50V_I54M_L76V_V82F_I84V_L90M	-4.0	4.4408920985e-16	9.97945	8
V32I_M46I_I54M_I84V	-2.55987399397	0.126792695629	1.14832	4
L76V_V82T_I84V	-1.76971991172	0.157649355606	9.30527	3
I50V_I54L_L76V	-2.4695759144	0.193331760108	9.587	3
V32I_I47V_I54L_I84V_L90M	-3.00806342461	0.150292744162	2.69268	5
V32I_M46I_I47V_I50V_I54M_L76V_L90M	-3.5032369121	0.7025290962	9.00834	7
I50V_L76V_V82T_I84V	-2.32015925154	0.0354049932975	11.8831	4
M46I_I54L_V82F_L90M	-2.78210478282	0.36797653089	2.26765	4
V32I_L76V_V82T_I84V_L90M	-3.4563639318	0.768817500646	8.06471	5
M46I_I50V_V82F	-2.52708358675	0.216741320539	2.72674	3
I54L_L76V_V82T	-2.54409570159	0.358823606518	9.57607	3
M46I	-0.24523801279	0.16050535065	0.364199	1
V32I_M46I_I47V_I54L_L76V_V82T_L90M	-2.74796755112	0.413941508435	9.46666	7
V32I_I47V_I50V_I54L_V82F	-2.48727376023	0.084589782995	4.71072	5
I47V_L76V_V82T_L90M	-3.70995631657	0.410183710788	9.21572	4
M46I_I47V_L76V	-2.44375361522	0.171978628817	10.3684	3
V32I_I50V_L76V_V82F_I84V_L90M	-2.96660064048	0.743167216575	9.09762	6
V32I_M46I_I47V_I54M_L76V_V82F_L90M	-4.0	4.4408920985e-16	8.35502	7
I50V_I54L_V82F_I84V_L90M	-2.68772373859	0.15954192272	5.2271	5
I54M_L76V_V82T_L90M	-3.02881801768	0.699603002574	6.71049	4
V32I_I47V_I50V_I54L_V82T	-2.63138251916	0.245869245513	5.29736	5
V32I_M46I_I47V_I50V_I54M_L90M	-2.42863030262	0.252578780547	0.857634	6
V32I_I47V_L76V_I84V	-2.50977030529	0.205495893689	8.63463	4
L76V_V82T_I84V_L90M	-2.15284502822	0.195173108347	8.27372	4
I47V_I50V_I54L_L76V_I84V	-2.70139455391	0.345265848392	14.1646	5
V32I_I47V_I50V_I54L_L76V_V82F	-2.97612439138	0.724015148322	11.2363	6
I84V_L90M	-1.03363819688	0.590762169044	1.28447	2
I47V_I50V_I54L_L76V_V82T_L90M	-3.25917585884	0.52978394601	13.1148	6
V32I_M46I_I47V_I50V_I54L_V82F	-2.85359361647	0.813409941476	5.87515	6
V32I_M46I_I47V_T74P_L76V	-3.60961298468	0.552090611637	9.43623	5
M46I_I47V_V82T_I84V_L90M	-3.00211848833	0.170758879273	4.43979	5
V32I_I47V_I54L_V82T	-2.44275208926	0.207161155251	2.29198	4
M46I_I50V_I54L_L76V_V82T_I84V	-2.57637517255	0.043328382606	14.6704	6
V32I_M46I_I54M_V82T	-2.43256103892	0.243705538541	-0.0252224	4
I47V_I50V_I54M_L76V	-2.32585812762	0.170132958467	8.59568	4
M46I_I47V_I54L_L76V_I84V	-2.79460989718	0.477054571015	12.6747	5
V32I_I50V_I54L_V82F_I84V	-2.78325583634	0.282268952852	4.52968	5
I50V_T74P	-2.67456514138	0.938029942066	4.178	2
V32I_M46I_I47V_I50V_I54L_V82T	-2.4054982947	0.319123727621	6.40776	6
M46I_I47V_I50V_I54M_L76V_V82F	-3.29007344256	0.516336673833	10.6832	6
M46I_I47V_I50V_L76V_V82F_I84V	-2.50190864924	0.247366144455	13.3099	6
I50V_V82T_I84V	-2.69701599121	0.128882032092	5.20224	3
V32I_I47V_I54M_V82F_I84V_L90M	-3.67315215543	0.46223265462	-0.503552	6
V32I_M46I_I54M_V82F	-2.59850975647	0.368363810721	1.02575	4
M46I_I50V_I54L_L76V_I84V_L90M	-3.55670726369	0.626910599796	13.7411	6
V32I_M46I_I47V_I50V_V82F_L90M	-3.09799188211	0.0907754804802	3.13223	6
I50V_I84V	-2.51693334222	0.315850970732	4.06631	2
V32I_I50V_I54M_V82F_I84V_L90M	-3.180679362	0.59067747155	0.400174	6
V32I_M46I_I47V_V82F_I84V	-2.56881694239	0.26249924156	2.20697	5
V32I_M46I_I47V_I54M_L76V_V82F_I84V_L90M	-3.22292451837	0.557284236415	7.76956	8
V32I_I54L_L76V_V82F_I84V	-2.83305295927	0.444838130876	6.48702	5
V32I_M46I_I54M_L76V_I84V	-2.58493991067	0.146963283422	8.71171	5
V32I_M46I_V82T_L90M	-4.0	4.4408920985e-16	0.306011	4
M46I_I50V_V82F_L90M	-3.17162042614	0.648219495563	3.02977	4
I47V_L76V	-2.4841881875	0.116341842203	8.14046	2
M46I_I50V_I54L_L76V_I84V	-3.03471654041	0.782262796212	14.4983	5
T74P	-2.02911897247	0.334574225174	1.59284	1
M46I_I50V_I54L	-2.19893909066	0.323038719743	7.13363	3
L10F	-0.913817233123	0.26840323311	-1.68794	1
V32I_I50V_I54L_L76V_L90M	-3.3116925606	0.503263347443	8.57676	5
M46I_I54L_T74P	-1.09267543745	0.435073316827	3.18575	3
V32I_I54L_I84V	-2.60199191224	0.325484214978	2.03912	3
I54L_T74P_I84V	-2.09563052975	0.165310308102	3.71199	3
M46I_I50V_I54M_V82F_I84V	-2.33757776699	0.129425670653	3.31128	5
M46I_I50V_I84V	-2.54270773974	0.362168295236	4.90276	3
V32I_I54L_V82T_L90M	-3.51033622377	0.34632389095	0.427671	4
V32I_M46I_I47V_I54L_V82F_I84V	-2.68598525195	0.154857748952	4.30562	6
M46I_I47V_I54M_V82T_I84V	-2.6837094417	0.174712961557	3.44922	5
V32I_I47V_I54L_L76V_V82F_L90M	-3.30410794102	0.590800862691	9.3969	6
V32I_I50V_I54L_L76V_V82F_L90M	-3.02894464182	0.695770935031	9.85155	6
V32I_I47V_I54M_L90M	-2.37958229406	0.161907367242	-2.0538	4
M46I_I50V_I54M_V82T_I84V_L90M	-2.96659249516	0.732979072726	4.47487	6
V32I_I54L_L76V_I84V_L90M	-3.1208100844	0.624318748781	11.2652	5
I47V_I54L_T74P_V82F	-3.08213525453	0.681385457465	5.43568	4
M46I_I50V_V82F_I84V_L90M	-2.97942307759	0.74051747218	4.98626	5
V32I_M46I_I50V_I84V	-2.35122323837	0.139187427909	3.72979	4
V32I_I47V_I54L_T74P_V82F_I84V	-3.61436662255	0.545367952492	4.44291	6
M46I_L76V_V82F_I84V_L90M	-3.03482611176	0.683241052794	9.06377	5
V32I_M46I_I54L_L76V	-2.50633531017	0.227163478941	9.65813	4
V32I_M46I_I47V_I50V_I54L_V82F_L90M	-3.10680322688	0.66966436418	4.66343	7
M46I_I84V_L90M	-1.30958975235	0.525437766285	1.89187	3
V32I_I47V_I54M_L76V_V82F_I84V	-2.79709420261	0.392622226971	5.13473	6
V32I_M46I_I47V_I50V_V82T_I84V_L90M	-3.02497823405	0.69933671037	5.14947	7
I47V_I50V_I84V	-2.46282112431	0.272532376939	5.70882	3
I54M_L76V_V82F_I84V_L90M	-2.7837939857	0.414888741466	7.855	5
M46I_I47V_I54L_L76V_V82F_I84V	-2.4750272743	0.119746683644	12.2276	6
M46I_L76V_I84V_L90M	-3.23469955312	0.552037830198	7.97966	4
V32I_I47V_I54M_L76V_V82T_L90M	-2.60692038819	0.163581980323	7.99715	6
M46I_I47V_I54M_V82T	-2.3905373565	0.295231099759	2.80813	4
V32I_M46I_L76V_V82T_I84V	-2.93976077488	0.760305311206	8.7991	5
M46I_I47V_I50V_I54L_V82T_I84V	-3.15141482861	0.768713454393	9.55134	6
V32I_M46I_I50V_L76V	-2.44534463862	0.280330304902	9.57403	4
M46I_I50V_L76V	-2.60093282153	0.0769613676905	10.3023	3
M46I_I47V_I54M_V82T_I84V_L90M	-3.50425998934	0.701082246488	3.6575	6
V32I_I54M_L76V_V82F_I84V_L90M	-2.59909754397	0.411289634341	8.34441	6
V32I_M46I_I50V_I54L_L76V	-2.9574377724	0.753400088838	11.0928	5
V32I_I54M_L76V_V82F	-2.82572310251	0.437837490382	8.15102	4
V32I_I50V_V82F	-2.64976330812	0.293934552104	2.32366	3
I47V_I50V_V82F_I84V_L90M	-3.41164521947	0.421279087171	3.75021	5
I47V_I84V_L90M	-2.05493938993	0.258860537337	2.8948	3
M46I_I50V_V82T_L90M	-2.60066711142	0.161253876341	3.92931	4
V32I_M46I_L76V_V82F_I84V	-2.48323980932	0.201162192705	8.7675	5
M46I_L76V_V82F_L90M	-2.96884210725	0.30811041764	10.747	4
M46I_I47V_L90M	-2.08101904288	0.138929186126	2.18437	3
I47V_I50V_L76V_I84V	-2.62857507942	0.155675954079	12.8918	4
I47V_L76V_L90M	-2.89205067493	0.0664695639976	7.72623	3
V32I_I47V_I50V_V82F_L90M	-3.41248693749	0.432556853991	2.34163	5
V32I_T74P_L76V	-3.5203431825	0.678337176588	6.77474	3
V32I_M46I_I47V_I50V_I54M_L76V	-2.55237848656	0.315587969263	9.2481	6
V32I_I54M	-2.23678479648	0.155798284684	-0.907857	2
M46I_I47V_V82F_I84V	-2.57968731064	0.142941560118	3.93786	4
V32I_I50V_V82T	-2.88983024753	0.271136525304	2.66549	3
M46I_I47V_I50V_I54M_L76V_V82T_I84V	-3.42050338096	0.819531978	12.4348	7
V32I_I47V_I50V_I54M_L76V_I84V	-2.72431462871	0.206106639642	11.0045	6
M46I_I54L_V82T_I84V	-2.61965563444	0.29579651094	4.1904	4
M46I_I54L_L76V_I84V_L90M	-2.98693005422	0.757165274265	9.39114	5
M46I_I47V_I50V_I54M_I84V	-2.82875793812	0.829274673692	4.55752	5
V32I_M46I_I50V_L76V_V82T_I84V	-2.95374100517	0.7790814311	12.4682	6
V82T_L90M	-1.59322187263	0.390325812527	1.03833	2
V32I_I50V_V82F_I84V	-2.67861091003	0.292600956442	3.09449	4
I50V_L76V_I84V	-2.86472261709	0.186976290609	10.8524	3
M46I_I47V_I54L_V82F_L90M	-3.32821733468	0.568005802991	4.04349	5
I47V_I50V_L76V_V82T_I84V	-2.63251207229	0.319123998528	13.7106	5
V32I_M46I_I47V_I54M_L76V_V82F_I84V	-2.66209459868	0.160138399024	8.37775	7
M46I_I54M_T74P_V82F_I84V	-2.85288969035	0.846275028559	1.2775	5
I47V_I54L_L76V_V82T	-2.67345426132	0.362722770744	11.1727	4
M46I_I47V_I50V	-2.14402886367	0.211930869745	4.26549	3
V32I_M46I_I47V_I50V_I54L_L76V_I84V	-3.22124293913	0.56124677324	12.7918	7
I47V_I50V_I54M_L76V_L90M	-3.56930451183	0.609095400627	8.4334	5
I54M_V82T_L90M	-2.70267772548	0.15107484116	0.594012	3
M46I_I47V_I54M_L76V_V82F_L90M	-3.37311528774	0.443686098259	9.85196	6
M46I_I47V_I54L_T74P_L76V	-2.65558290369	0.951001363372	12.2867	5
I47V_I54L_L76V_V82F_L90M	-3.3048037907	0.616009020037	10.6251	5
I47V_I50V_I54L_V82T_I84V_L90M	-3.11445525702	0.627336741906	8.41631	6
L10F_T74P	-2.93257315978	0.286025575614	0.145891	2
V32I_M46I_I47V_I54M_V82F_I84V	-2.78861093281	0.185084463805	0.316695	6
L10F_V32I	-1.97448708416	0.147607570271	-2.57929	2
V32I_I47V_V82T	-2.3982961662	0.169439041177	0.786689	3
V32I_I47V_I50V_I54M_V82T_I84V_L90M	-4.0	4.4408920985e-16	2.4451	7
V32I_I50V_I54L_L76V_I84V	-2.63851776678	0.175541455529	14.6556	5
V32I_M46I_I50V_I54L_I84V_L90M	-3.59983467984	0.565919222967	5.28973	6
V32I_I47V_I50V_I54L_L76V_V82T_I84V	-2.56012429362	0.360089852893	12.4932	7
M46I_I47V_I50V_L76V_I84V	-2.54778194532	0.159234700408	12.9238	5
V32I_T74P_L76V_V82F	-3.40382904186	0.843113054501	8.90944	4
I50V_I54L_L76V_L90M	-3.08202654926	0.64935372799	10.5021	4
V32I_I47V_L76V_V82T_I84V_L90M	-3.65369430517	0.489750210361	8.24325	6
M46I_I50V_I54L_V82F_I84V	-2.40166183279	0.187632377705	6.79206	5
V32I_I47V_V82F	-2.27749133158	0.11812631272	0.48241	3
I47V_I54M_L76V_V82F	-2.45926394394	0.0394204637722	9.01457	4
V32I_I50V_I54M_V82F_I84V	-2.67495620516	0.309251767471	2.49973	5
V32I_I47V_I54M_V82T	-2.56023293141	0.540741529425	-0.515559	4
V32I_I54L_L76V	-2.56175419368	0.151558207706	7.10794	3
M46I_I47V_I54L_V82T_L90M	-3.21202935793	0.580941916946	5.41726	5
V32I_M46I_I47V_I50V_I54M_V82F_I84V	-2.93092238186	0.759008538964	1.31594	7
V32I_M46I_I50V_L76V_V82F_I84V	-2.50252689111	0.0975089433583	10.4138	6
V32I_M46I_I50V_I54L_L76V_V82F	-2.9588065429	0.762460630167	12.3561	6
I50V_I54L_L76V_I84V_L90M	-3.49368851828	0.716032564234	12.7881	5
M46I_I47V_I54L_V82F_I84V	-2.60599882605	0.12726024421	5.38515	5
M46I_I50V_I54L_V82F_L90M	-3.26835265673	0.527837281431	5.18037	5
I47V_I54L_V82F	-2.49101853038	0.208988055713	4.55024	3
V32I_I47V_V82T_L90M	-3.02215031835	0.204822972973	0.489319	4
V32I_M46I_I47V_I50V_V82T	-2.58144900999	0.0818879509641	3.82377	5
M46I_I47V_I54L_V82T_I84V_L90M	-3.1434323862	0.664069140855	6.30546	6
V32I_I50V_I54M_L76V_V82F_L90M	-3.02524822612	0.744554598806	8.97359	6
V32I_M46I_I50V_I54M_L76V	-2.67762440144	0.423282736225	9.72814	5
M46I_L76V_I84V	-2.44102732049	0.102857142174	8.84652	3
I50V_I54M_L76V_V82F_I84V_L90M	-3.53858804291	0.652535047554	9.94023	6
V32I_M46I_I50V_I54L_L76V_I84V	-2.92130631077	0.129227275054	14.2865	6
M46I_I47V_L76V_V82T_L90M	-3.26275407983	0.527352125378	9.18256	5
M46I_L76V	-1.91093758958	0.12051993607	7.80114	2
M46I_I54L_L76V_V82F	-2.56072912217	0.224572467524	9.18299	4
V32I_M46I_I47V_I50V_V82F	-2.49678072688	0.254953840585	3.45116	5
V32I_I50V_I54M_V82T_I84V	-2.89458433236	0.804737933556	3.46016	5
I50V_I54L_L76V_V82F	-2.52104689386	0.110998126874	11.2615	4
M46I_I50V_I54M_L76V_V82F_I84V_L90M	-4.0	4.4408920985e-16	9.60096	7
V32I_M46I_I50V_I54M	-2.12176955155	0.213997427304	2.1123	4
V32I_I54L_L76V_I84V	-3.37825407475	0.477569231767	9.23029	4
V32I_M46I_I50V_V82F_I84V_L90M	-3.65228195418	0.491747576275	2.50387	6
V32I_M46I_I47V_L76V_V82F_I84V_L90M	-3.67820184049	0.455091321528	8.54612	7
V32I_I47V_I54M_L76V_L90M	-3.0780852242	0.651893140566	5.01726	5
V32I_M46I_I47V_L76V_V82F_I84V	-2.96935857784	0.081021041432	9.71782	6
I47V_I50V_I54L_L76V_V82T	-2.49746881349	0.346313658431	14.1191	5
M46I_I47V_I54L_I84V	-2.39733937696	0.321153822214	5.74442	4
V32I_M46I_I47V	-0.963964394973	0.513778889592	0.0042991	3
V32I_M46I_I50V_I54M_L76V_V82T_I84V	-2.4993838902	0.361790399683	11.5412	7
M46I_I47V_I50V_I54L_L76V_V82F_L90M	-3.27698224356	0.524479856866	14.4876	7
I47V_L76V_I84V_L90M	-2.59448812251	0.473448396918	9.46769	4
V82F_I84V_L90M	-1.74846142216	0.265340279889	1.29934	3
I54L_T74P_L76V_V82F_I84V	-2.86758746951	0.820188218901	10.1235	5
V32I_I47V_I54M_T74P_V82F	-3.31150763045	0.973675246604	0.350177	5
V32I_I47V_I54L_V82F_I84V	-2.54667598525	0.218932973426	3.03477	5
V32I_I47V_I50V_I54L_V82F_I84V_L90M	-3.19309213623	0.578901747287	5.17909	7
V32I_I54M_V82T_L90M	-2.77591917918	0.451046503818	-0.387394	4
